0
1.252473354
2.50470829
3.756705046
5.00846386
6.259984016
7.511266232
8.762310028
10.01311588
11.26368237
12.51401043
13.76410103
15.01395321
16.26356697
17.51294136
18.76207924
20.01097679
21.25963593
22.50805664
23.75623894
25.00418472
26.25188828
27.49935532
28.74658203
29.99357224
31.24032402
32.48683548
33.73310471
34.97914124
36.22493744
37.47049332
38.71581268
39.96089172
41.20573044
42.45033646
43.6946907
44.93881607
46.18270111
47.42634201
48.66975021
49.91291809
51.15584946
52.39853668
53.6409874
54.8832016
56.12516403
57.36689758
58.60839081
59.84964752
61.09066391
62.33143616
63.57197571
64.81227112
66.05233002
67.29214478
68.53172302
69.77105713
71.01015472
72.24902344
73.48764038
74.72602081
75.96416473
77.20205688
78.43972778
79.67715454
80.91433716
82.15128326
83.38798523
84.62444305
85.860672
87.09664917
88.33239746
89.56790161
90.80317688
92.03820038
93.27298737
94.50753784
95.74182892
96.97589874
98.20972443
99.4433136
100.6766586
101.9097595
103.1426315
104.3752518
105.6076355
106.8397827
108.0716934
109.3033524
110.5347748
111.7659683
112.9969101
114.2276154
115.4580841
116.6882935
117.9182968
119.1480255
120.377533
121.6067886
122.8358154
124.0646057
125.2931366
126.5214462
127.7495117
128.9773254
130.204895
131.4322357
132.6593323
133.8862152
135.1128082
136.3392029
137.5653381
138.7912445
140.0168762
141.2422943
142.4674683
143.6924133
144.9170837
146.1415405
147.3657532
148.5897369
149.813446
151.0369415
152.2601776
153.4832001
154.7059479
155.9284973
157.1507721
158.372818
159.5946045
160.8161621
162.0374756
163.2585602
164.4794006
165.6999969
166.9203491
168.1404724
169.3603363
170.5799713
171.7993622
173.0185089
174.2374115
175.4560852
176.6745148
177.8927002
179.1106262
180.3283234
181.5457916
182.7630005
183.9799805
185.1967163
186.413208
187.6294556
188.8454742
190.0612488
191.2767639
192.4920349
193.7070923
194.9218903
196.1364594
197.3507843
198.5648651
199.7787018
200.9922943
202.2056427
203.4187469
204.6316223
205.8442535
207.0566406
208.2687683
209.4806671
210.6923523
211.9037628
213.1149292
214.3258514
215.5365448
216.7470093
217.9572144
219.1671753
220.3769073
221.5863953
222.7956238
224.0046234
225.2133942
226.4218903
227.6301575
228.8381958
230.0459747
231.2535248
232.4608307
233.6678772
234.8746948
236.0812836
237.2876129
238.4936981
239.6995544
240.9051514
242.1105194
243.3156433
244.5205231
245.7251587
246.9295502
248.1337128
249.3376007
250.541275
251.7447052
252.947876
254.1508179
255.3535156
256.5559692
257.7581787
258.9601746
260.1618652
261.3633423
262.5645752
263.7655945
264.9663391
266.1668396
267.3671265
268.5671692
269.7669373
270.9664612
272.1657715
273.3648071
274.5636597
275.762207
276.9605103
278.1585999
279.3564453
280.5540466
281.7514038
282.9485168
284.1453552
285.34198
286.5383911
287.7345276
288.9304199
290.1260986
291.3215027
292.5166321
293.7115479
294.9062195
296.1006775
297.2948608
298.4888306
299.6825256
300.8760071
302.0692139
303.2621765
304.454895
305.6473999
306.8396606
308.0316772
309.2234192
310.4149475
311.6062012
312.7972412
313.9880066
315.1785583
316.368866
317.5588989
318.7487488
319.9382324
321.1275635
322.3166809
323.5054932
324.6940918
325.8824463
327.0705261
328.2584229
329.4460449
330.6334229
331.8205261
333.0074158
334.1940613
335.3804626
336.5665894
337.752533
338.9382019
340.1236267
341.3087769
342.4937439
343.6784058
344.8628235
346.0470886
347.2310486
348.4147644
349.5982361
350.7814331
351.9644165
353.1471558
354.3296509
355.5118713
356.6939087
357.8756409
359.0571594
360.2384338
361.4194641
362.6002502
363.7807922
364.9610901
366.1411743
367.3209534
368.5005188
369.6798096
370.8588867
372.0377197
373.2163391
374.3946838
375.5727539
376.7506104
377.9282227
379.1055603
380.2827148
381.4595642
382.6362
383.8125916
384.9887085
386.1646118
387.3403015
388.5156555
389.6908264
390.8657532
392.0404053
393.2148438
394.3890686
395.5629883
396.7366638
397.9101257
399.083313
400.2562561
401.4290161
402.6014404
403.7736816
404.9456787
406.1174011
407.2888794
408.460144
409.631134
410.8018799
411.9723816
413.1426392
414.3127136
415.4824219
416.651947
417.8212891
418.9902954
420.1590881
421.3276367
422.4959412
423.6640015
424.8318176
425.9994202
427.1667175
428.3337708
429.5006104
430.6672058
431.8335571
432.9996643
434.1654968
435.3311157
436.49646
437.6615601
438.826416
439.9910889
441.1554565
442.3195801
443.48349
444.6471252
445.8105164
446.9736938
448.1365967
449.2992554
450.4616699
451.6238098
452.7857666
453.9474487
455.1088867
456.2700806
457.4310303
458.5917053
459.7521362
460.9123535
462.0723267
463.2320557
464.39151
465.5507202
466.7096863
467.8684082
469.0269165
470.1851501
471.3431396
472.500885
473.6584167
474.8156738
475.9726868
477.129425
478.2859802
479.4422302
480.5982666
481.7540588
482.9095764
484.0648499
485.2199097
486.3747253
487.5292664
488.6835632
489.8376465
490.9914551
492.1450195
493.2983093
494.451416
495.6042175
496.7568359
497.9091797
499.0612488
500.2131042
501.3646545
502.5160217
503.6671143
504.8180237
505.9686279
507.118988
508.269104
509.4189453
510.568634
511.7180176
512.8671265
514.0159912
515.1646729
516.3130493
517.4611816
518.6091309
519.7567749
520.9041748
522.0513916
523.1982422
524.3449097
525.491333
526.6375732
527.7835083
528.9291382
530.074585
531.2197876
532.3647461
533.5094604
534.6539307
535.7981567
536.9420166
538.0857544
539.229248
540.3724976
541.5154419
542.6582031
543.8005981
544.9428711
546.0848389
547.2265625
548.368103
549.5093384
550.6503296
551.7911377
552.9315796
554.0718384
555.211853
556.3516235
557.4911499
558.6304321
559.7694702
560.9082642
562.0467529
563.1849976
564.3230591
565.4608154
566.5983887
567.7357178
568.8727417
570.0095825
571.1461182
572.2824707
573.418457
574.5542603
575.6898193
576.8251953
577.9602661
579.0950317
580.2296753
581.3640137
582.4981079
583.631958
584.7655029
585.8988647
587.0319214
588.1647339
589.2973633
590.4296875
591.5618286
592.6936646
593.8253174
594.956665
596.0877686
597.2186279
598.3493042
599.4796753
600.6097412
601.7396851
602.8693237
603.9986572
605.1278076
606.2567139
607.385437
608.5137939
609.6419067
610.7697754
611.8974609
613.0248413
614.1519775
615.2789307
616.4055786
617.5319824
618.6581421
619.7840576
620.90979
622.0351563
623.1603394
624.2852173
625.4099121
626.5344238
627.6585693
628.7824707
629.906189
631.0296631
632.152832
633.2757568
634.3984375
635.5209351
636.6431274
637.7650757
638.8867798
640.0083008
641.1294556
642.2504272
643.3712158
644.4916382
645.6118774
646.7318726
647.8515625
648.9710693
650.090271
651.2092285
652.3280029
653.4465332
654.5646973
655.6826782
656.800415
657.9179077
659.0351563
660.1521606
661.2689209
662.385376
663.5016479
664.6176758
665.7334595
666.848938
667.9642334
669.0792847
670.1939697
671.3084717
672.4227905
673.5368042
674.6505737
675.7640381
676.8773193
677.9903564
679.1032104
680.2157593
681.328064
682.4400635
683.5518188
684.6633911
685.7746582
686.8856812
687.99646
689.1069946
690.2174072
691.3273926
692.4371948
693.5467529
694.6560059
695.7650146
696.8739014
697.9824219
699.0907593
700.1988525
701.3066406
702.4141846
703.5215454
704.6286011
705.7353516
706.84198
707.9483032
709.0543823
710.1601563
711.2658081
712.3710327
713.4761353
714.5810547
715.6856689
716.789978
717.8939819
718.9978638
720.1014404
721.204834
722.3078613
723.4107056
724.5132446
725.6156006
726.7177124
727.8195801
728.9212036
730.022522
731.1236572
732.2244873
733.3251343
734.4254761
735.5255737
736.6254272
737.7250366
738.8244019
739.9235229
741.0223389
742.1209106
743.2192993
744.3174438
745.4153442
746.5129395
747.6102905
748.7073975
749.8043213
750.9008789
751.9972534
753.0933838
754.1893311
755.2849121
756.3803101
757.4753418
758.5703125
759.664917
760.7593384
761.8534546
762.9472656
764.0409546
765.1343384
766.227417
767.3203125
768.4130249
769.5053711
770.5974731
771.6893311
772.7810669
773.8724365
774.963562
776.0545654
777.1451416
778.2354736
779.3256226
780.4155884
781.505249
782.5946045
783.6837158
784.7727051
785.8613281
786.949707
788.0378418
789.1257935
790.2134399
791.3008423
792.3880005
793.4749146
794.5615234
795.6479492
796.7341309
797.8200073
798.9057617
799.9910889
801.0762939
802.1611938
803.2458496
804.3302002
805.4144287
806.4983521
807.5819702
808.6654663
809.7485962
810.831543
811.9141846
812.9966431
814.0787354
815.1607056
816.2423096
817.3237305
818.4049683
819.4858398
820.5665283
821.6469727
822.7271118
823.8070068
824.8867188
825.9661255
827.0452881
828.1242676
829.2029419
830.2813721
831.3594971
832.437439
833.5151367
834.5925293
835.6696777
836.7466431
837.8233032
838.8997803
839.9759521
841.0518799
842.1275635
843.2029419
844.2781372
845.3530884
846.4277344
847.5021973
848.576355
849.6502686
850.723999
851.7974243
852.8706665
853.9434814
855.0162354
856.0886841
857.1608276
858.2327881
859.3044434
860.3759155
861.4470215
862.5179443
863.5887451
864.6591187
865.7293091
866.7992554
867.8689575
868.9383545
870.0075684
871.0765381
872.1451416
873.213623
874.2817993
875.3497314
876.4174194
877.4848633
878.552002
879.6190186
880.6856689
881.7521362
882.8182983
883.8841553
884.9499512
886.0153198
887.0805664
888.1454468
889.210144
890.2745972
891.3387451
892.4026489
893.4664307
894.5297852
895.5930786
896.6559448
897.718689
898.7810669
899.8433228
900.9052124
901.9669189
903.0283203
904.0895386
905.1504517
906.2111816
907.2715454
908.3317261
909.3916626
910.451355
911.5108032
912.5700073
913.6289063
914.6876221
915.7460327
916.8041992
917.8621826
918.9198608
919.9772949
921.0344238
922.0913696
923.1480713
924.2045288
925.2606812
926.3165894
927.3723145
928.4277344
929.4829712
930.5378418
931.5925293
932.6469727
933.7011719
934.7550049
935.8087158
936.8621826
937.9153442
938.9683228
940.0209351
941.0734253
942.1255493
943.1775513
944.229126
945.2805786
946.3317871
947.3826904
948.4334106
949.4838257
950.5339355
951.5839233
952.6335449
953.6829834
954.7321777
955.7810669
956.829834
957.8781738
958.9263916
959.9742432
961.0219727
962.0693359
963.1165161
964.1634521
965.210144
966.2565308
967.3026733
968.3485718
969.3942871
970.4397583
971.4848633
972.5297852
973.5744629
974.6188354
975.6630249
976.7069702
977.7506104
978.7940063
979.8371582
980.8800659
981.9227295
982.9651489
984.0073242
985.0492554
986.0908813
987.1322632
988.1734619
989.2143555
990.2550049
991.2954102
992.3355713
993.3754272
994.4151001
995.4545288
996.4937134
997.5325928
998.571228
999.6096191
1000.647766
1001.68573
1002.723328
1003.760803
1004.797913
1005.834778
1006.87146
1007.907837
1008.944031
1009.979858
1011.015503
1012.050903
1013.08606
1014.120972
1015.155579
1016.190002
1017.224121
1018.257996
1019.291687
1020.325012
1021.358093
1022.391052
1023.423645
1024.456055
1025.488159
1026.520142
1027.551758
1028.58313
1029.614258
1030.64502
1031.675659
1032.706055
1033.736206
1034.766113
1035.795776
1036.825195
1037.854248
1038.883057
1039.911743
1040.940063
1041.968262
1042.996094
1044.023682
1045.051147
1046.078247
1047.105103
1048.131592
1049.158081
1050.184082
1051.209961
1052.235596
1053.260986
1054.286133
1055.311035
1056.335571
1057.359863
1058.383911
1059.407837
1060.431396
1061.454834
1062.477905
1063.500854
1064.523438
1065.545776
1066.567871
1067.589844
1068.611328
1069.632568
1070.653687
1071.674561
1072.69519
1073.715576
1074.735596
1075.755493
1076.775146
1077.794434
1078.813599
1079.832275
1080.85083
1081.869263
1082.887329
1083.905151
1084.922729
1085.940063
1086.957153
1087.973999
1088.990601
1090.006836
1091.022949
1092.038818
1093.054443
1094.069702
1095.084839
1096.099487
1097.114136
1098.128418
1099.142578
1100.156372
1101.169922
1102.183228
1103.196289
1104.209106
1105.22168
1106.234009
1107.246094
1108.257935
1109.269531
1110.280762
1111.29187
1112.302612
1113.313232
1114.323486
1115.333496
1116.343262
1117.352783
1118.362183
1119.371216
1120.380005
1121.38855
1122.396851
1123.404907
1124.41272
1125.420166
1126.42749
1127.43457
1128.441406
1129.447876
1130.454224
1131.460205
1132.466064
1133.471558
1134.476807
1135.481934
1136.486694
1137.491211
1138.495483
1139.499512
1140.503296
1141.506836
1142.51001
1143.513062
1144.515869
1145.518433
1146.52063
1147.522705
1148.524536
1149.526001
1150.527222
1151.52832
1152.529053
1153.529541
1154.529785
1155.529785
1156.529541
1157.529053
1158.52832
1159.527344
1160.526123
1161.524536
1162.522827
1163.520874
1164.518677
1165.516113
1166.513306
1167.510376
1168.50708
1169.50354
1170.499756
1171.49585
1172.491577
1173.487061
1174.4823
1175.477173
1176.472046
1177.466431
1178.460693
1179.454712
1180.448486
1181.441895
1182.435181
1183.428101
1184.420776
1185.41333
1186.405518
1187.397461
1188.38916
1189.380615
1190.371948
1191.362915
1192.353516
1193.343994
1194.334229
1195.324219
1196.313965
1197.303345
1198.292603
1199.281616
1200.270386
1201.258789
1202.246948
1203.234985
1204.222656
1205.210083
1206.197266
1207.184204
1208.170898
1209.157349
1210.143555
1211.129517
1212.115234
1213.100708
1214.085815
1215.070679
1216.05542
1217.039917
1218.02417
1219.008057
1219.991821
1220.97522
1221.958374
1222.941284
1223.92395
1224.906372
1225.88855
1226.870361
1227.852173
1228.833496
1229.814697
1230.795654
1231.776367
1232.756836
1233.736938
1234.716797
1235.696533
1236.675903
1237.655151
1238.633911
1239.612671
1240.591064
1241.569214
1242.546997
1243.524658
1244.502197
1245.47937
1246.456421
1247.432983
1248.409424
1249.385498
1250.361328
1251.337036
1252.312378
1253.287598
1254.262451
1255.237183
1256.211548
1257.185547
1258.159546
1259.133057
1260.106567
1261.07959
1262.05249
1263.025146
1263.997681
1264.969849
1265.941528
1266.91333
1267.884644
1268.855713
1269.82666
1270.797241
1271.767578
1272.737793
1273.707642
1274.677246
1275.646606
1276.615723
1277.584595
1278.553101
1279.521484
1280.489746
1281.45752
1282.425171
1283.392456
1284.359619
1285.326416
1286.293091
1287.259399
1288.225586
1289.191406
1290.156982
1291.122437
1292.087524
1293.052246
1294.016968
1294.981201
1295.945313
1296.909302
1297.872803
1298.83606
1299.799194
1300.762085
1301.724609
1302.687012
1303.649048
1304.610962
1305.572388
1306.533691
1307.494873
1308.455811
1309.416382
1310.376709
1311.33667
1312.296509
1313.255981
1314.215454
1315.174561
1316.133301
1317.091919
1318.050171
1319.008179
1319.966187
1320.923706
1321.880981
1322.838013
1323.7948
1324.751343
1325.707764
1326.66394
1327.619629
1328.575073
1329.530518
1330.485474
1331.44043
1332.394897
1333.349243
1334.303345
1335.25708
1336.210693
1337.16394
1338.117065
1339.069824
1340.022339
1340.974609
1341.926758
1342.87854
1343.830078
1344.78125
1345.7323
1346.683228
1347.633667
1348.583984
1349.534058
1350.483765
1351.43335
1352.382568
1353.331665
1354.280396
1355.229004
1356.177246
1357.125244
1358.072998
1359.02063
1359.967773
1360.914917
1361.861572
1362.808228
1363.754517
1364.700562
1365.64624
1366.591675
1367.536987
1368.481934
1369.426758
1370.371338
1371.315674
1372.259644
1373.203369
1374.146973
1375.09021
1376.033203
1376.97583
1377.918457
1378.860718
1379.802612
1380.744385
1381.686035
1382.627197
1383.568115
1384.508911
1385.449463
1386.389771
1387.329712
1388.269531
1389.208862
1390.148315
1391.08728
1392.026001
1392.964355
1393.902832
1394.840698
1395.778442
1396.715942
1397.653198
1398.590088
1399.526855
1400.463379
1401.399658
1402.335693
1403.271362
1404.206787
1405.14209
1406.077148
1407.011841
1407.946289
1408.880493
1409.814575
1410.748291
1411.681763
1412.614868
1413.547852
1414.480591
1415.413086
1416.345459
1417.277222
1418.208862
1419.140625
1420.071655
1421.002686
1421.93335
1422.864014
1423.794067
1424.723999
1425.653809
1426.583374
1427.512451
1428.441406
1429.370239
1430.298584
1431.226807
1432.154907
1433.08252
1434.01001
1434.937134
1435.864136
1436.790894
1437.717285
1438.643555
1439.569458
1440.495239
1441.420654
1442.345825
1443.270874
1444.195435
1445.120117
1446.044189
1446.96814
1447.891968
1448.815308
1449.738403
1450.661621
1451.584106
1452.506592
1453.428711
1454.35083
1455.272461
1456.193848
1457.115234
1458.036133
1458.956787
1459.877319
1460.797485
1461.717285
1462.637085
1463.556519
1464.475708
1465.394653
1466.313354
1467.231689
1468.150146
1469.067871
1469.985596
1470.903076
1471.820313
1472.737305
1473.654053
1474.570435
1475.48645
1476.402466
1477.318115
1478.233643
1479.148804
1480.063721
1480.978394
1481.892944
1482.807007
1483.720947
1484.634644
1485.548096
1486.461304
1487.37439
1488.286987
1489.199219
1490.111572
1491.023438
1491.935181
1492.846558
1493.75769
1494.668579
1495.579468
1496.489746
1497.399902
1498.309937
1499.219604
1500.12915
1501.03833
1501.947144
1502.855957
1503.76416
1504.672485
1505.580444
1506.488159
1507.395386
1508.302734
1509.209595
1510.116333
1511.022705
1511.928833
1512.834839
1513.740479
1514.645874
1515.551147
1516.455933
1517.360718
1518.265137
1519.169312
1520.073242
1520.976929
1521.880371
1522.783569
1523.686523
1524.589233
1525.491577
1526.393799
1527.295654
1528.197266
1529.098877
1529.999878
1530.900757
1531.801514
1532.702026
1533.602295
1534.502197
1535.401733
1536.301147
1537.200317
1538.099365
1538.998047
1539.896362
1540.794556
1541.692505
1542.590332
1543.487549
1544.384766
1545.28186
1546.178345
1547.074951
1547.971069
1548.866943
1549.762695
1550.658081
1551.553345
1552.44812
1553.342896
1554.237305
1555.13147
1556.025391
1556.919067
1557.8125
1558.705566
1559.598633
1560.491333
1561.383667
1562.275879
1563.167847
1564.05957
1564.950928
1565.842285
1566.733032
1567.623657
1568.514282
1569.404297
1570.294312
1571.18396
1572.073608
1572.962646
1573.851685
1574.740234
1575.628662
1576.516846
1577.404785
1578.292603
1579.179932
1580.067139
1580.954102
1581.840942
1582.727173
1583.613281
1584.499268
1585.38501
1586.27063
1587.155762
1588.040649
1588.925293
1589.809814
1590.693848
1591.578003
1592.461548
1593.345093
1594.228271
1595.111206
1595.993896
1596.876343
1597.758545
1598.640503
1599.522339
1600.403687
1601.284912
1602.165894
1603.046631
1603.927002
1604.807129
1605.687134
1606.566895
1607.446167
1608.325562
1609.204468
1610.083252
1610.961548
1611.839722
1612.717773
1613.595459
1614.473022
1615.35022
1616.227173
1617.10376
1617.980347
1618.856567
1619.732544
1620.608154
1621.483765
1622.358887
1623.233887
1624.108643
1624.983154
1625.8573
1626.731323
1627.60498
1628.478638
1629.351685
1630.224731
1631.097412
1631.969971
1632.842041
1633.714111
1634.585815
1635.457397
1636.328491
1637.199585
1638.070313
1638.940796
1639.811157
1640.68103
1641.550903
1642.420288
1643.289551
1644.158569
1645.027344
1645.895752
1646.764038
1647.631958
1648.499756
1649.367188
1650.234619
1651.10144
1651.968262
1652.834717
1653.70105
1654.566895
1655.432861
1656.29834
1657.163574
1658.028687
1658.893433
1659.757813
1660.622192
1661.486206
1662.349854
1663.213501
1664.07666
1664.939819
1665.802612
1666.665039
1667.527344
1668.389282
1669.251221
1670.112549
1670.973999
1671.834961
1672.695801
1673.556396
1674.416626
1675.276733
1676.136475
1676.995972
1677.855225
1678.714355
1679.57312
1680.431641
1681.290039
1682.147949
1683.005859
1683.863403
1684.720825
1685.577759
1686.434448
1687.291138
1688.147339
1689.00354
1689.859375
1690.714966
1691.57019
1692.425171
1693.280151
1694.134644
1694.989014
1695.84314
1696.697021
1697.550537
1698.403809
1699.256958
1700.109741
1700.962402
1701.814575
1702.666748
1703.518677
1704.370239
1705.22168
1706.072632
1706.923462
1707.77417
1708.624512
1709.474609
1710.324341
1711.174072
1712.023438
1712.872559
1713.721436
1714.569946
1715.418335
1716.266602
1717.114502
1717.962158
1718.809448
1719.656616
1720.503418
1721.350098
1722.196533
1723.042603
1723.88855
1724.734131
1725.57959
1726.424805
1727.269653
1728.114258
1728.95874
1729.802734
1730.646729
1731.490479
1732.333862
1733.177002
1734.019897
1734.862549
1735.704956
1736.547241
1737.389038
1738.230835
1739.072144
1739.913452
1740.754395
1741.594971
1742.435547
1743.275513
1744.115601
1744.955322
1745.7948
1746.634033
1747.473022
1748.311646
1749.150146
1749.988281
1750.826294
1751.664063
1752.501587
1753.338745
1754.175659
1755.012451
1755.848877
1756.685181
1757.520996
1758.356812
1759.192383
1760.027588
1760.862549
1761.697388
1762.531738
1763.366089
1764.200195
1765.033813
1765.86731
1766.700684
1767.533691
1768.366455
1769.198975
1770.031128
1770.863281
1771.69519
1772.526489
1773.357788
1774.188965
1775.019653
1775.85022
1776.680542
1777.51062
1778.340332
1779.169922
1779.99939
1780.828369
1781.657227
1782.48584
1783.314087
1784.14209
1784.969971
1785.797607
1786.624878
1787.452026
1788.278809
1789.105469
1789.931885
1790.757935
1791.58374
1792.409424
1793.234863
1794.059814
1794.884766
1795.709351
1796.533691
1797.35791
1798.181763
1799.005371
1799.828735
1800.651855
1801.474854
1802.297485
1803.119873
1803.942017
1804.763916
1805.585571
1806.406982
1807.228271
1808.049072
1808.869751
1809.690186
1810.510254
1811.330322
1812.149902
1812.969482
1813.788696
1814.607544
1815.42627
1816.244629
1817.062988
1817.880859
1818.69873
1819.516113
1820.333252
1821.150269
1821.967163
1822.783447
1823.599731
1824.415771
1825.231689
1826.046997
1826.862183
1827.677368
1828.491943
1829.306519
1830.12085
1830.934937
1831.748535
1832.562256
1833.375488
1834.188599
1835.001343
1835.813843
1836.626099
1837.438232
1838.249878
1839.061523
1839.872925
1840.684082
1841.494751
1842.30542
1843.115723
1843.925781
1844.735474
1845.545166
1846.354492
1847.163696
1847.972412
1848.781006
1849.589478
1850.397583
1851.205444
1852.013184
1852.820435
1853.627686
1854.43457
1855.241089
1856.047485
1856.85376
1857.65979
1858.465332
1859.27063
1860.075806
1860.880859
1861.685547
1862.489868
1863.294067
1864.098145
1864.901855
1865.7052
1866.508423
1867.311401
1868.114136
1868.916626
1869.71875
1870.520874
1871.32251
1872.124023
1872.925293
1873.726196
1874.526978
1875.327515
1876.127808
1876.927734
1877.727417
1878.5271
1879.326416
1880.125488
1880.924316
1881.722656
1882.520996
1883.319092
1884.116943
1884.914551
1885.711792
1886.508911
1887.305664
1888.102295
1888.898682
1889.694824
1890.490479
1891.286133
1892.081665
1892.876709
1893.671631
1894.466064
1895.260498
1896.054688
1896.848633
1897.642212
1898.435669
1899.22876
1900.021729
1900.814331
1901.606812
1902.399048
1903.190918
1903.982544
1904.773926
1905.565308
1906.356201
1907.146973
1907.937378
1908.727539
1909.517578
1910.307251
1911.096802
1911.885986
1912.675049
1913.463745
1914.252319
1915.040527
1915.828491
1916.616333
1917.403809
1918.191162
1918.978149
1919.765015
1920.551514
1921.337891
1922.124023
1922.90979
1923.695313
1924.480469
1925.265747
1926.050537
1926.835205
1927.619507
1928.403687
1929.187378
1929.971191
1930.754517
1931.53772
1932.320557
1933.103149
1933.88562
1934.667847
1935.449585
1936.231201
1937.012695
1937.793823
1938.574829
1939.355591
1940.135986
1940.916138
1941.696045
1942.47583
1943.255249
1944.034546
1944.813477
1945.592285
1946.37085
1947.149048
1947.927002
1948.704834
1949.4823
1950.259644
1951.036621
1951.813477
1952.589966
1953.366333
1954.142456
1954.918335
1955.693726
1956.469116
1957.244141
1958.019043
1958.793701
1959.567993
1960.342163
1961.116089
1961.889771
1962.663086
1963.436035
1964.208984
1964.981567
1965.75415
1966.526245
1967.298218
1968.069824
1968.841309
1969.612549
1970.383423
1971.154175
1971.924561
1972.694702
1973.464722
1974.234497
1975.003906
1975.773315
1976.542236
1977.311035
1978.07959
1978.848022
1979.615967
1980.383667
1981.151245
1981.918457
1982.685547
1983.452271
1984.218994
1984.985229
1985.751343
1986.517212
1987.282837
1988.048218
1988.813354
1989.578125
1990.342896
1991.1073
1991.871338
1992.635376
1993.399048
1994.162231
1994.925537
1995.688477
1996.451172
1997.213501
1997.975708
1998.737793
1999.499512
2000.260986
2001.022217
2001.783325
2002.543945
2003.304443
2004.064697
2004.824829
2005.584595
2006.344116
2007.103394
2007.862427
2008.621216
2009.379883
2010.138184
2010.89624
2011.653931
2012.411621
2013.169067
2013.926025
2014.682983
2015.439697
2016.196045
2016.952148
2017.708008
2018.463745
2019.219116
2019.974365
2020.72937
2021.484009
2022.238403
2022.992798
2023.746582
2024.500488
2025.253784
2026.00708
2026.760132
2027.512939
2028.265503
2029.0177
2029.769653
2030.521484
2031.273071
2032.024414
2032.775513
2033.526367
2034.276855
2035.027222
2035.777344
2036.527222
2037.276733
2038.026123
2038.775391
2039.524292
2040.272949
2041.02124
2041.769531
2042.517456
2043.265015
2044.012573
2044.759766
2045.506714
2046.253418
2047
