   1.4439314e+05
   1.3117717e+05
   1.4618550e+05
   1.1903013e+05
   1.4997538e+05
   1.2893132e+05
   1.4328100e+05
   1.2962235e+05
   1.3543133e+05
   1.3267800e+05
   1.4795627e+05
   1.3443797e+05
   1.3724528e+05
   1.3260242e+05
   1.4675777e+05
   1.2753846e+05
   1.4641225e+05
   1.3296953e+05
   1.4387486e+05
   1.2624277e+05
   1.4852853e+05
   1.2369459e+05
   1.3950194e+05
   1.2355423e+05
   1.5144381e+05
   1.2482832e+05
   1.3524778e+05
   1.2653430e+05
   1.4383169e+05
   1.2607002e+05
   1.4483583e+05
   1.2434244e+05
   1.4567802e+05
   1.2605922e+05
   1.4309745e+05
   1.2743048e+05
   1.4342138e+05
   1.3567967e+05
   1.4134828e+05
   1.1873860e+05
   1.4117553e+05
   1.2335988e+05
   1.4303267e+05
   1.3416803e+05
   1.4476025e+05
   1.2304675e+05
   1.4081920e+05
   1.3870294e+05
   1.4156423e+05
   1.3613316e+05
   1.3531256e+05
   1.3433000e+05
   1.3818466e+05
   1.1668710e+05
   1.3933997e+05
   1.2250688e+05
   1.3764480e+05
   1.2189143e+05
   1.3469711e+05
   1.2962235e+05
   1.3992303e+05
   1.2737649e+05
   1.4344298e+05
   1.2443961e+05
   1.3826023e+05
   1.2300356e+05
   1.4494381e+05
   1.2939559e+05
   1.3870294e+05
   1.2396452e+05
   1.4736241e+05
   1.3074527e+05
   1.3960991e+05
   1.2876936e+05
   1.3697534e+05
   1.3691056e+05
   1.4637986e+05
   1.1863063e+05
   1.2230713e+05
   1.2598363e+05
   1.4184495e+05
   1.2650191e+05
   1.3753681e+05
   1.2750606e+05
   1.4261158e+05
   1.2155672e+05
   1.3604678e+05
   1.2835905e+05
   1.3654345e+05
   1.3045374e+05
   1.4453350e+05
   1.2565971e+05
   1.4104597e+05
   1.2080090e+05
   1.3602519e+05
   1.3307750e+05
   1.4598034e+05
   1.1792880e+05
   1.4158583e+05
   1.3299113e+05
   1.4186656e+05
   1.2532499e+05
   1.4620709e+05
   1.3115558e+05
   1.4350777e+05
   1.3183580e+05
   1.3998781e+05
   1.2703098e+05
   1.3789313e+05
   1.2820789e+05
   1.4295708e+05
   1.2598363e+05
   1.3431920e+05
   1.2922284e+05
   1.4060327e+05
   1.2587566e+05
   1.4003100e+05
   1.2826188e+05
   1.4045211e+05
   1.2879095e+05
   1.4285991e+05
   1.3222452e+05
   1.2820789e+05
   1.2781918e+05
   1.3907005e+05
   1.2597284e+05
   1.4068964e+05
   1.2761404e+05
   1.4007419e+05
   1.3269959e+05
   1.4907920e+05
   1.2527101e+05
   1.5210245e+05
   1.2922284e+05
   1.4969464e+05
   1.2903929e+05
   1.3849778e+05
   1.2934162e+05
   1.4467388e+05
   1.3437319e+05
   1.5359250e+05
   1.1652514e+05
   1.4652022e+05
   1.3738564e+05
   1.4798866e+05
   1.3136072e+05
   1.5337655e+05
   1.2599444e+05
   1.4308666e+05
   1.2969793e+05
   1.3689977e+05
   1.2156751e+05
   1.4788069e+05
   1.2272284e+05
   1.4032255e+05
   1.2490390e+05
   1.4314066e+05
   1.2492549e+05
   1.4532170e+05
   1.2692301e+05
   1.3673781e+05
   1.3016222e+05
   1.3632752e+05
   1.2280921e+05
   1.3010823e+05
   1.3084245e+05
   1.3780675e+05
   1.2867218e+05
   1.4005261e+05
   1.2396452e+05
   1.4342138e+05
   1.3504263e+05
   1.4541888e+05
   1.2565971e+05
   1.3411405e+05
   1.0950686e+05
   1.4558084e+05
   1.2412648e+05
   1.4190973e+05
   1.2126519e+05
   1.3921039e+05
   1.1328593e+05
   1.5240478e+05
   1.3042135e+05
   1.4689813e+05
   1.2657749e+05
   1.2962235e+05
   1.2954677e+05
   1.4088398e+05
   1.2907168e+05
   1.3846539e+05
   1.2652350e+05
   1.3207334e+05
   1.3165225e+05
   1.4368052e+05
   1.1647116e+05
   1.3797950e+05
   1.2622118e+05
   1.4254680e+05
   1.2158911e+05
   1.4060327e+05
   1.3007584e+05
   1.3664064e+05
   1.2435323e+05
   1.5049366e+05
   1.2213977e+05
   1.3562569e+05
   1.2835905e+05
   1.3810908e+05
   1.2466635e+05
   1.4014978e+05
   1.2826188e+05
   1.4404763e+05
   1.2386735e+05
   1.3875691e+05
   1.2496868e+05
   1.3597120e+05
   1.1915970e+05
   1.4247120e+05
   1.2878015e+05
   1.3802270e+05
   1.2764643e+05
   1.5308502e+05
   1.2846703e+05
   1.4298947e+05
   1.2338147e+05
   1.3780675e+05
   1.2370539e+05
   1.4752438e+05
   1.3024859e+05
   1.4392886e+05
   1.1589889e+05
   1.3645708e+05
   1.2789477e+05
   1.5258834e+05
   1.2648031e+05
   1.4400442e+05
   1.2854261e+05
   1.4532170e+05
   1.2373778e+05
   1.5871045e+05
   1.1812316e+05
   1.4199613e+05
   1.2961155e+05
   1.5364648e+05
   1.2120041e+05
   1.4741641e+05
   1.2311153e+05
   1.4755677e+05
   1.2326270e+05
   1.3678100e+05
   1.1576933e+05
   1.4723284e+05
   1.1706501e+05
   1.3712652e+05
   1.2860740e+05
   1.4264397e+05
   1.2264724e+05
   1.3964230e+05
   1.3232169e+05
   1.4807505e+05
   1.3005423e+05
   1.3971788e+05
   1.2503347e+05
   1.3385491e+05
   1.2239891e+05
   1.3748283e+05
   1.3218131e+05
   1.2382416e+05
   1.2772201e+05
   1.3775277e+05
   1.3096122e+05
   1.4005261e+05
   1.2130838e+05
   1.4790228e+05
   1.2411569e+05
   1.4985659e+05
   1.2328430e+05
   1.3344461e+05
   1.2303595e+05
   1.4813983e+05
   1.2167549e+05
   1.3562569e+05
   1.1724856e+05
   1.3370375e+05
   1.2615639e+05
   1.3646788e+05
   1.2159991e+05
   1.3826023e+05
   1.2460157e+05
   1.3915642e+05
   1.2028263e+05
   1.4097038e+05
   1.2981670e+05
   1.3962070e+05
   1.2184824e+05
   1.4347538e+05
   1.3801189e+05
   1.3801189e+05
   1.3072368e+05
   1.4585078e+05
   1.2645872e+05
   1.4535409e+05
   1.2553015e+05
   1.4393964e+05
   1.3482667e+05
   1.3328266e+05
   1.3183580e+05
   1.3976108e+05
   1.2446120e+05
   1.4372370e+05
   1.2082250e+05
   1.4089480e+05
   1.1503511e+05
   1.3363897e+05
   1.2685822e+05
   1.3612236e+05
   1.2717134e+05
   1.3710492e+05
   1.2506586e+05
   1.4145625e+05
   1.2238811e+05
   1.3450275e+05
   1.2132998e+05
   1.3815227e+05
   1.2869377e+05
   1.4880927e+05
   1.2497948e+05
   1.3359578e+05
   1.2473114e+05
   1.4052767e+05
   1.2532499e+05
   1.4132669e+05
   1.3087484e+05
   1.4151023e+05
   1.2708496e+05
   1.3996622e+05
   1.2338147e+05
   1.5144381e+05
   1.2975191e+05
   1.3540973e+05
   1.2820789e+05
   1.3671622e+05
   1.2832666e+05
   1.3526936e+05
   1.2251768e+05
   1.4606673e+05
   1.1723777e+05
   1.3801189e+05
   1.2776520e+05
   1.4515975e+05
   1.2676105e+05
   1.3694295e+05
   1.2705257e+05
   1.4166141e+05
   1.2054177e+05
   1.4102436e+05
   1.1830671e+05
   1.4009578e+05
   1.2243130e+05
   1.3845458e+05
   1.2616719e+05
   1.3370375e+05
   1.3577684e+05
   1.4400442e+05
   1.1851186e+05
   1.3665142e+05
   1.1885738e+05
   1.2981670e+05
   1.2535738e+05
   1.3692136e+05
   1.1910571e+05
   1.4368052e+05
   1.2592965e+05
   1.4593717e+05
   1.2679344e+05
   1.2955756e+05
   1.2912566e+05
   1.4146706e+05
   1.1790720e+05
   1.3498863e+05
   1.1952680e+05
   1.3915642e+05
   1.2380257e+05
   1.3697534e+05
   1.3061570e+05
   1.4619630e+05
   1.2516303e+05
   1.4363733e+05
   1.2138395e+05
   1.3686738e+05
   1.2097366e+05
   1.3368216e+05
   1.2589726e+05
   1.4758916e+05
   1.4090559e+05
   1.3508581e+05
   1.2534659e+05
   1.3700773e+05
   1.1566136e+05
   1.3133913e+05
   1.2913646e+05
   1.4173700e+05
   1.1962399e+05
   1.3545292e+05
   1.2658828e+05
   1.3070209e+05
   1.2623198e+05
   1.4413402e+05
   1.2012066e+05
   1.3320708e+05
   1.1160155e+05
   1.3994463e+05
   1.2459077e+05
   1.2588645e+05
   1.2776520e+05
   1.3490227e+05
   1.3125275e+05
   1.4129430e+05
   1.1563976e+05
   1.3843300e+05
   1.2642632e+05
   1.4646622e+05
   1.2596205e+05
   1.4424197e+05
   1.2666387e+05
   1.4027934e+05
   1.2407251e+05
   1.4718967e+05
   1.2085489e+05
   1.4914398e+05
   1.2935241e+05
   1.3887569e+05
   1.2651270e+05
   1.4234164e+05
   1.3075607e+05
   1.3908083e+05
   1.2293878e+05
   1.4404763e+05
   1.2750606e+05
   1.3631672e+05
   1.2395373e+05
   1.3753681e+05
   1.1860903e+05
   1.3164145e+05
   1.2687982e+05
   1.4520294e+05
   1.3616555e+05
   1.4864730e+05
   1.2377017e+05
   1.3828184e+05
   1.2147034e+05
   1.3417883e+05
   1.2980591e+05
   1.4752438e+05
   1.2538977e+05
   1.3692136e+05
   1.1346948e+05
   1.4493300e+05
   1.2211818e+05
   1.4409081e+05
   1.2472034e+05
   1.4694131e+05
   1.2702018e+05
   1.3915642e+05
   1.2577848e+05
   1.4643383e+05
   1.2522782e+05
   1.4067884e+05
   1.2360822e+05
   1.4199613e+05
   1.3032417e+05
   1.4221208e+05
   1.1744291e+05
   1.4645544e+05
   1.1948363e+05
   1.4280592e+05
   1.2383496e+05
   1.3999861e+05
   1.1669791e+05
   1.3773116e+05
   1.1865223e+05
   1.3606838e+05
   1.2421287e+05
   1.5287986e+05
   1.1687066e+05
   1.4178017e+05
   1.2057416e+05
   1.3313150e+05
   1.2436403e+05
   1.3935077e+05
   1.2939559e+05
   1.3483747e+05
   1.2455838e+05
   1.3902684e+05
   1.2515224e+05
   1.5279348e+05
   1.1386899e+05
   1.4410163e+05
   1.2814311e+05
   1.4464148e+05
   1.1892216e+05
   1.3774197e+05
   1.3092883e+05
   1.3565808e+05
   1.1853345e+05
   1.3695375e+05
   1.2166469e+05
   1.4867969e+05
   1.2332748e+05
   1.4248202e+05
   1.3398448e+05
   1.4092719e+05
   1.2889892e+05
   1.4667138e+05
   1.3721289e+05
   1.3466472e+05
   1.2468795e+05
   1.3495623e+05
   1.3340142e+05
   1.3862734e+05
   1.2118960e+05
   1.4639066e+05
   1.2586487e+05
   1.3895127e+05
   1.2036901e+05
   1.3766638e+05
   1.2561652e+05
   1.3932917e+05
   1.1938645e+05
   1.4568881e+05
   1.1966718e+05
   1.4530013e+05
   1.1893296e+05
   1.3682419e+05
   1.3139311e+05
   1.4591556e+05
   1.2109243e+05
   1.4461989e+05
   1.1729176e+05
   1.4203931e+05
   1.2703098e+05
   1.3496705e+05
   1.2395373e+05
   1.4439314e+05
   1.2384575e+05
   1.3247286e+05
   1.2372698e+05
   1.3659744e+05
   1.2910407e+05
   1.4084081e+05
   1.3486988e+05
   1.3723448e+05
   1.2303595e+05
   1.4896044e+05
   1.3136072e+05
   1.3887569e+05
   1.1974276e+05
   1.3704013e+05
   1.2068213e+05
   1.4596956e+05
   1.2413729e+05
   1.3357419e+05
   1.2069292e+05
   1.4412320e+05
   1.2962235e+05
   1.4228766e+05
   1.2545457e+05
   1.4614231e+05
   1.3553930e+05
   1.3753681e+05
   1.2878015e+05
   1.4415559e+05
   1.2178346e+05
   1.4021456e+05
   1.2666387e+05
   1.3800109e+05
   1.2616719e+05
   1.3293714e+05
   1.2490390e+05
   1.4345377e+05
   1.1580172e+05
   1.3484827e+05
   1.2581088e+05
   1.4168300e+05
   1.2977352e+05
   1.3374694e+05
   1.2382416e+05
   1.3919961e+05
   1.2774360e+05
   1.5117388e+05
   1.2145954e+05
   1.3152267e+05
   1.1982914e+05
   1.5201608e+05
   1.1585571e+05
   1.3797950e+05
   1.2206420e+05
   1.3531256e+05
   1.1802598e+05
   1.4252519e+05
   1.3117717e+05
   1.3364977e+05
   1.2019625e+05
   1.3720209e+05
   1.2546536e+05
   1.3479428e+05
   1.2311153e+05
   1.3940477e+05
   1.2230173e+05
   1.4631506e+05
   1.2112482e+05
   1.4711408e+05
   1.2424526e+05
   1.3535575e+05
   1.1738894e+05
   1.4879845e+05
   1.3102600e+05
   1.4748119e+05
   1.3009743e+05
   1.4970544e+05
   1.2433164e+05
   1.4463067e+05
   1.3631672e+05
   1.4050609e+05
   1.2633995e+05
   1.4693052e+05
   1.2369459e+05
   1.3888648e+05
   1.1549940e+05
   1.3522617e+05
   1.2230173e+05
   1.4580759e+05
   1.1661152e+05
   1.4725445e+05
   1.2255007e+05
   1.4214728e+05
   1.2711736e+05
   1.4357255e+05
   1.2451520e+05
   1.4640144e+05
   1.2492549e+05
   1.3696455e+05
   1.3953972e+05
   1.4211489e+05
   1.2259327e+05
   1.3321786e+05
   1.3295873e+05
   1.4664980e+05
   1.2714975e+05
   1.3969630e+05
   1.2690141e+05
   1.4202852e+05
   1.3093962e+05
   1.4477105e+05
   1.3278598e+05
   1.3484827e+05
   1.2246370e+05
   1.4114314e+05
   1.2899610e+05
   1.3306670e+05
   1.1912731e+05
   1.3174942e+05
   1.2484991e+05
   1.3347702e+05
   1.2782998e+05
   1.2795955e+05
   1.2292798e+05
   1.4256838e+05
   1.1963479e+05
   1.4332420e+05
   1.2134077e+05
   1.4372370e+05
   1.2710656e+05
   1.3370375e+05
   1.3567967e+05
   1.3585242e+05
   1.2968713e+05
   1.5404598e+05
   1.3118797e+05
   1.3388731e+05
   1.2166469e+05
   1.3845458e+05
   1.2533580e+05
   1.4226605e+05
   1.3041055e+05
   1.3507502e+05
   1.3141470e+05
   1.3391970e+05
   1.3380092e+05
   1.3512900e+05
   1.2229094e+05
   1.5228600e+05
   1.2875855e+05
   1.3337983e+05
   1.2422366e+05
   1.3923200e+05
   1.2454759e+05
   1.3424363e+05
   1.2095206e+05
   1.4199613e+05
   1.2194542e+05
   1.4999697e+05
   1.2041220e+05
   1.4347538e+05
   1.2045538e+05
   1.2854801e+05
   1.3695375e+05
   1.2616719e+05
   1.1569375e+05
   1.3497784e+05
   1.2256088e+05
   1.4217967e+05
   1.3364977e+05
   1.4178017e+05
   1.2832666e+05
   1.4337819e+05
   1.2619958e+05
   1.3982586e+05
   1.2694460e+05
   1.4235244e+05
   1.3032417e+05
   1.3340142e+05
   1.2489310e+05
   1.4822620e+05
   1.2312234e+05
   1.4070044e+05
   1.1971037e+05
   1.4463067e+05
   1.2414809e+05
   1.4046289e+05
   1.3426520e+05
   1.4046289e+05
   1.2963314e+05
   1.4044131e+05
   1.2938480e+05
   1.4144545e+05
   1.3421123e+05
   1.3711572e+05
   1.2859659e+05
   1.5210245e+05
   1.2083330e+05
   1.3924280e+05
   1.2174027e+05
   1.3390889e+05
   1.2921205e+05
   1.4386408e+05
   1.2399691e+05
   1.4373450e+05
   1.2310074e+05
   1.3943716e+05
   1.3246205e+05
   1.3860575e+05
   1.3709413e+05
   1.4193134e+05
   1.2451520e+05
   1.3194378e+05
   1.3241886e+05
   1.3484827e+05
   1.2460157e+05
   1.4045211e+05
   1.2150273e+05
   1.3784994e+05
   1.2908248e+05
   1.3922120e+05
   1.2413729e+05
   1.4252519e+05
   1.2858580e+05
   1.3946955e+05
   1.2894211e+05
   1.3611156e+05
   1.2883414e+05
   1.3492384e+05
   1.2316552e+05
   1.5361409e+05
   1.2775440e+05
   1.4399364e+05
   1.3149028e+05
   1.3468631e+05
   1.2375938e+05
   1.3415723e+05
   1.2567051e+05
   1.4464148e+05
   1.3163066e+05
   1.3611156e+05
   1.2460157e+05
   1.4517055e+05
   1.2121120e+05
   1.4219048e+05
   1.2638314e+05
   1.4193134e+05
   1.3079926e+05
   1.4289230e+05
   1.2690141e+05
   1.4452272e+05
   1.2882334e+05
   1.3726688e+05
   1.2125439e+05
   1.4060327e+05
   1.1678429e+05
   1.3835741e+05
   1.2578928e+05
   1.4592636e+05
   1.3017301e+05
   1.3938316e+05
   1.2385655e+05
   1.4294630e+05
   1.2094127e+05
   1.5099033e+05
   1.2876936e+05
   1.3531256e+05
   1.2091967e+05
   1.3926439e+05
   1.1987232e+05
   1.4857172e+05
   1.1605006e+05
   1.4256838e+05
   1.1363145e+05
   1.4351855e+05
   1.2195622e+05
   1.4251441e+05
   1.3412484e+05
   1.3986903e+05
   1.2862898e+05
   1.4132669e+05
   1.2659909e+05
   1.4372370e+05
   1.1748611e+05
   1.4574281e+05
   1.2568131e+05
   1.5453186e+05
   1.2428845e+05
   1.3252683e+05
   1.2334908e+05
   1.4094877e+05
   1.2427765e+05
   1.5593552e+05
   1.2725773e+05
   1.3986903e+05
   1.2788398e+05
   1.3832502e+05
   1.3489145e+05
   1.3526936e+05
   1.2298197e+05
   1.3766638e+05
   1.1953761e+05
   1.3629513e+05
   1.2996787e+05
   1.4205011e+05
   1.2359742e+05
   1.3579844e+05
   1.3669463e+05
   1.5415395e+05
   1.3177102e+05
   1.4794547e+05
   1.1709740e+05
   1.4598034e+05
   1.2055256e+05
   1.4674697e+05
   1.2867218e+05
   1.3736406e+05
   1.2859659e+05
   1.4106755e+05
   1.2924444e+05
   1.3856256e+05
   1.3230009e+05
   1.3475109e+05
   1.2135156e+05
   1.4604513e+05
   1.2754925e+05
   1.4546208e+05
   1.3552850e+05
   1.4120792e+05
   1.2960075e+05
   1.4688733e+05
   1.2505506e+05
   1.3588481e+05
   1.2514145e+05
   1.3800109e+05
   1.2623198e+05
   1.4875528e+05
   1.2933081e+05
   1.3800109e+05
   1.2613480e+05
   1.4369131e+05
   1.2609161e+05
   1.3862734e+05
   1.2321952e+05
   1.3745044e+05
   1.2738730e+05
   1.4468467e+05
   1.3317467e+05
   1.3593881e+05
   1.3091803e+05
   1.4000941e+05
   1.2138395e+05
   1.4656342e+05
   1.2702018e+05
   1.4431756e+05
   1.2545457e+05
   1.5265313e+05
   1.1710820e+05
   1.3897288e+05
   1.3592800e+05
   1.3957752e+05
   1.2652350e+05
   1.4740561e+05
   1.2398613e+05
   1.4852853e+05
   1.2121120e+05
   1.3679180e+05
   1.3218131e+05
   1.4159663e+05
   1.2727931e+05
   1.3952353e+05
   1.3493466e+05
   1.3381172e+05
   1.3247286e+05
   1.4360494e+05
   1.2665308e+05
   1.4642305e+05
   1.2950358e+05
   1.5583834e+05
   1.3212734e+05
   1.4236323e+05
   1.3142550e+05
   1.4058167e+05
   1.1865223e+05
   1.4317305e+05
   1.4179098e+05
   1.3205175e+05
   1.3092883e+05
   1.4270875e+05
   1.3699694e+05
   1.3975027e+05
   1.3036736e+05
   1.4292469e+05
   1.2196702e+05
   1.3544213e+05
   1.3786073e+05
   1.4311905e+05
   1.2614559e+05
   1.4729763e+05
   1.3000026e+05
   1.4544048e+05
   1.3029178e+05
   1.4033333e+05
   1.2545457e+05
   1.4459828e+05
   1.2526021e+05
   1.3805509e+05
   1.3362817e+05
   1.3104760e+05
   1.4714647e+05
   1.3628433e+05
   1.2874776e+05
   1.4659581e+05
   1.2208579e+05
   1.4442553e+05
   1.2635074e+05
   1.3746123e+05
   1.2036901e+05
   1.4304347e+05
   1.3034577e+05
   1.3258083e+05
   1.2616719e+05
   1.4483583e+05
   1.2874776e+05
   1.4342138e+05
   1.1886817e+05
   1.4365892e+05
   1.3149028e+05
   1.4911159e+05
   1.2727931e+05
   1.4122952e+05
   1.3188980e+05
   1.3516139e+05
   1.3329345e+05
   1.3890808e+05
   1.1920289e+05
   1.4226605e+05
   1.2594045e+05
   1.3900527e+05
   1.2996787e+05
   1.4514895e+05
   1.2490390e+05
   1.5086077e+05
   1.2546536e+05
   1.4376689e+05
   1.2782998e+05
   1.4752438e+05
   1.2222615e+05
   1.5024530e+05
   1.3028099e+05
   1.4288152e+05
   1.2702018e+05
   1.4557006e+05
   1.2899610e+05
   1.4552686e+05
   1.2310074e+05
   1.3931838e+05
   1.3154428e+05
   1.4187734e+05
   1.3318547e+05
   1.4433914e+05
   1.2508745e+05
   1.4142386e+05
   1.1951602e+05
   1.4508417e+05
   1.3088564e+05
   1.4223366e+05
   1.2258246e+05
   1.4589397e+05
   1.2438563e+05
   1.3805509e+05
   1.2778679e+05
   1.4084081e+05
   1.2089808e+05
   1.4288152e+05
   1.3114477e+05
   1.3909164e+05
   1.1853345e+05
   1.5600030e+05
   1.1962399e+05
   1.4020377e+05
   1.2631835e+05
   1.3169544e+05
   1.2359742e+05
   1.4256838e+05
   1.3124195e+05
   1.4139147e+05
   1.3648947e+05
   1.4382088e+05
   1.3399528e+05
   1.4498700e+05
   1.2150273e+05
   1.4630427e+05
   1.3769877e+05
   1.4539730e+05
   1.3617634e+05
   1.3648947e+05
   1.2500107e+05
   1.3903766e+05
   1.2370539e+05
   1.4396125e+05
   1.2657749e+05
   1.4277353e+05
   1.2939559e+05
   1.4260078e+05
   1.2144874e+05
   1.3827103e+05
   1.1764807e+05
   1.4567802e+05
   1.2203180e+05
   1.4778350e+05
   1.2948198e+05
   1.5493138e+05
   1.2436403e+05
   1.5133584e+05
   1.2491470e+05
   1.3975027e+05
   1.1237896e+05
   1.4718967e+05
   1.2329509e+05
   1.5130345e+05
   1.2678264e+05
   1.4809664e+05
   1.3130673e+05
   1.3456753e+05
   1.3626272e+05
   1.3829263e+05
   1.2741969e+05
   1.3796870e+05
   1.3115558e+05
   1.3326106e+05
   1.2198862e+05
   1.4700609e+05
   1.3018381e+05
   1.4991059e+05
   1.1938645e+05
   1.3865973e+05
   1.3523697e+05
   1.4546208e+05
   1.2300356e+05
   1.4336739e+05
   1.2767882e+05
   1.4507338e+05
   1.3033497e+05
   1.4154263e+05
   1.2602683e+05
   1.4400442e+05
   1.3071288e+05
   1.4982420e+05
   1.2315473e+05
   1.4348616e+05
   1.2739809e+05
   1.4234164e+05
   1.2253927e+05
   1.4106755e+05
   1.1980754e+05
   1.4212570e+05
   1.3420042e+05
   1.4382088e+05
   1.2143795e+05
   1.4685494e+05
   1.3544213e+05
   1.4357255e+05
   1.2946039e+05
   1.4555925e+05
   1.3238647e+05
   1.4246041e+05
   1.2380257e+05
   1.3885409e+05
   1.4029014e+05
   1.3899445e+05
   1.2627516e+05
   1.4413402e+05
   1.2813230e+05
   1.5048284e+05
   1.3039975e+05
   1.4092719e+05
   1.3510741e+05
   1.4860411e+05
   1.3215973e+05
   1.4364811e+05
   1.2640473e+05
   1.5289067e+05
   1.3064809e+05
   1.4645544e+05
   1.2551935e+05
   1.4513816e+05
   1.3574445e+05
   1.4285991e+05
   1.3316389e+05
   1.4162902e+05
   1.3323947e+05
   1.4077603e+05
   1.2985988e+05
   1.3680259e+05
   1.3263481e+05
   1.3929678e+05
   1.3106920e+05
   1.4334578e+05
   1.3127434e+05
   1.5122788e+05
   1.3079926e+05
   1.3987984e+05
   1.2048777e+05
   1.4548367e+05
   1.2026103e+05
   1.5082838e+05
   1.2675025e+05
   1.4333500e+05
   1.3065890e+05
   1.4772953e+05
   1.2997866e+05
   1.4411241e+05
   1.1864142e+05
   1.4793467e+05
   1.3185741e+05
   1.4788069e+05
   1.2283080e+05
   1.5217805e+05
   1.2936320e+05
   1.4410163e+05
   1.2666387e+05
   1.3902684e+05
   1.3165225e+05
   1.4812903e+05
   1.1927848e+05
   1.4341059e+05
   1.2249609e+05
   1.4275195e+05
   1.3296953e+05
   1.4777272e+05
   1.2442881e+05
   1.4076522e+05
   1.1727016e+05
   1.4842056e+05
   1.2686902e+05
   1.5067720e+05
   1.3891888e+05
   1.3819545e+05
   1.2756005e+05
   1.3628433e+05
   1.3012982e+05
   1.3612236e+05
   1.2591885e+05
   1.4102436e+05
   1.3360658e+05
   1.4232005e+05
   1.3310989e+05
   1.4686573e+05
   1.1681668e+05
   1.4869050e+05
   1.3558248e+05
   1.5285828e+05
   1.2603763e+05
   1.5380844e+05
   1.3346620e+05
   1.4223366e+05
   1.2540058e+05
   1.3919961e+05
   1.2305755e+05
   1.4365892e+05
   1.4098119e+05
   1.4092719e+05
   1.3401688e+05
   1.4416641e+05
   1.3141470e+05
   1.4284913e+05
   1.3188980e+05
   1.4176939e+05
   1.4222288e+05
   1.5082838e+05
   1.2297117e+05
   1.4509497e+05
   1.3194378e+05
   1.3560408e+05
   1.4193134e+05
   1.4825859e+05
   1.3602519e+05
   1.4759995e+05
   1.3027019e+05
   1.3853017e+05
   1.2009908e+05
   1.3979347e+05
   1.2894211e+05
   1.4428517e+05
   1.2866138e+05
   1.5087155e+05
   1.2672866e+05
   1.4526772e+05
   1.2522782e+05
   1.5595713e+05
   1.2393213e+05
   1.4935992e+05
   1.3592800e+05
   1.4167220e+05
   1.3661903e+05
   1.4310825e+05
   1.2922284e+05
   1.4726523e+05
   1.3033497e+05
   1.3655425e+05
   1.2978430e+05
   1.4406920e+05
   1.2787317e+05
   1.4806425e+05
   1.2775440e+05
   1.4408002e+05
   1.2744128e+05
   1.4217967e+05
   1.3692136e+05
   1.4013897e+05
   1.2746288e+05
   1.3645708e+05
   1.3546372e+05
   1.4721125e+05
   1.2487151e+05
   1.3960991e+05
   1.3656505e+05
   1.4934914e+05
   1.2549776e+05
   1.3642469e+05
   1.3362817e+05
   1.4985659e+05
   1.3017301e+05
   1.4833419e+05
   1.2386735e+05
   1.4141306e+05
   1.2884494e+05
   1.4217967e+05
   1.2848863e+05
   1.4447952e+05
   1.2338147e+05
   1.4619630e+05
   1.2721453e+05
   1.4219048e+05
   1.3167384e+05
   1.4935992e+05
   1.2781918e+05
   1.4683334e+05
   1.2993547e+05
   1.5043967e+05
   1.2170788e+05
   1.4162902e+05
   1.3010823e+05
   1.4370211e+05
   1.3064809e+05
   1.4715725e+05
   1.2751686e+05
   1.4406920e+05
   1.2432084e+05
   1.4436075e+05
   1.2885573e+05
   1.4483583e+05
   1.3191139e+05
   1.4605594e+05
   1.1915970e+05
   1.5128186e+05
   1.2711736e+05
   1.4217967e+05
   1.2470955e+05
   1.4002020e+05
   1.3302352e+05
   1.4168300e+05
   1.3519378e+05
   1.5024530e+05
   1.3828184e+05
   1.4003100e+05
   1.3072368e+05
   1.4899283e+05
   1.2763563e+05
   1.4865809e+05
   1.3652186e+05
   1.4010658e+05
   1.3450275e+05
   1.4709247e+05
   1.2084409e+05
   1.3374694e+05
   1.2219376e+05
   1.4730842e+05
   1.3540973e+05
   1.4861491e+05
   1.2291718e+05
   1.4612072e+05
   1.3386572e+05
   1.4388566e+05
   1.3004345e+05
   1.3840059e+05
   1.2729012e+05
   1.5027769e+05
   1.2320871e+05
   1.5341973e+05
   1.3076687e+05
   1.5269631e+05
   1.3507502e+05
   1.4532170e+05
   1.3546372e+05
   1.4270875e+05
   1.3172783e+05
   1.4178017e+05
   1.2500107e+05
   1.4279513e+05
   1.2919045e+05
   1.4356175e+05
   1.3253764e+05
   1.4360494e+05
   1.2910407e+05
   1.4470627e+05
   1.3862734e+05
   1.4883084e+05
   1.3280756e+05
   1.4378848e+05
   1.2223695e+05
   1.4870128e+05
   1.2548696e+05
   1.3431920e+05
   1.3141470e+05
   1.4494381e+05
   1.2631835e+05
   1.5008334e+05
   1.3217053e+05
   1.4111075e+05
   1.3318547e+05
   1.3928598e+05
   1.2689061e+05
   1.4119713e+05
   1.2108163e+05
   1.3414644e+05
   1.2217216e+05
   1.4704930e+05
   1.3099361e+05
   1.3620873e+05
   1.2453678e+05
   1.4250359e+05
   1.3120956e+05
   1.4014978e+05
   1.2478513e+05
   1.4066805e+05
   1.2448280e+05
   1.5140063e+05
   1.2185904e+05
   1.5260992e+05
   1.3545292e+05
   1.4121870e+05
   1.3170623e+05
   1.3948033e+05
   1.2863979e+05
   1.4450111e+05
   1.2095206e+05
   1.3748283e+05
   1.3414644e+05
   1.4740561e+05
   1.2199941e+05
   1.4662820e+05
   1.2925523e+05
   1.5363567e+05
   1.3098281e+05
   1.4117553e+05
   1.3020540e+05
   1.3326106e+05
   1.2631835e+05
   1.4564563e+05
   1.2941720e+05
   1.3042135e+05
   1.2780839e+05
   1.4905761e+05
   1.2726852e+05
   1.3943716e+05
   1.1884658e+05
   1.3548531e+05
   1.2614559e+05
   1.5067720e+05
   1.2402931e+05
   1.4195294e+05
   1.3295873e+05
   1.3697534e+05
   1.2547616e+05
   1.4053848e+05
   1.2159991e+05
   1.4717886e+05
   1.3328266e+05
   1.4650942e+05
   1.1470039e+05
   1.4771872e+05
   1.2212898e+05
   1.4339978e+05
   1.2770041e+05
   1.4533252e+05
   1.3155506e+05
   1.4261158e+05
   1.3524778e+05
   1.4192055e+05
   1.2808912e+05
   1.4487902e+05
   1.1938645e+05
   1.4466306e+05
   1.2840224e+05
   1.5038567e+05
   1.2663148e+05
   1.3971788e+05
   1.2699859e+05
   1.4432836e+05
   1.3558248e+05
   1.4459828e+05
   1.4398284e+05
   1.4336739e+05
   1.2844543e+05
   1.4512736e+05
   1.3248364e+05
   1.5492056e+05
   1.2306835e+05
   1.5111991e+05
   1.3262402e+05
   1.3413564e+05
   1.1792880e+05
   1.3851936e+05
   1.2257166e+05
   1.4364811e+05
   1.2034741e+05
   1.3308830e+05
   1.2919045e+05
   1.3450275e+05
   1.2088728e+05
   1.3933997e+05
   1.2874776e+05
   1.4068964e+05
   1.2813230e+05
   1.3781755e+05
   1.1712980e+05
   1.4396125e+05
   1.2747367e+05
   1.3718050e+05
   1.1826352e+05
   1.3991223e+05
   1.3109080e+05
   1.4510577e+05
   1.1839309e+05
   1.5103352e+05
   1.1858745e+05
   1.3455675e+05
   1.3223531e+05
   1.4154263e+05
   1.2738730e+05
   1.4487902e+05
   1.2860740e+05
   1.4955427e+05
   1.2420207e+05
   1.4505178e+05
   1.1911651e+05
   1.4264397e+05
   1.2711736e+05
   1.4276273e+05
   1.3109080e+05
   1.4401523e+05
   1.2535738e+05
   1.4059247e+05
   1.2765723e+05
   1.4035494e+05
   1.2693380e+05
   1.4060327e+05
   1.3129594e+05
   1.4012817e+05
   1.3069129e+05
   1.4195294e+05
   1.2361901e+05
   1.3941555e+05
   1.2482832e+05
   1.4585078e+05
   1.2570290e+05
   1.4466306e+05
   1.3057252e+05
   1.4437155e+05
   1.2291718e+05
   1.4187734e+05
   1.2643713e+05
   1.3896206e+05
   1.2456918e+05
   1.4747039e+05
   1.1384740e+05
   1.3874613e+05
   1.2288479e+05
   1.5362489e+05
   1.2713895e+05
   1.4406920e+05
   1.2558413e+05
   1.4617470e+05
   1.2956836e+05
   1.3470791e+05
   1.1463560e+05
   1.3634911e+05
   1.1895455e+05
   1.4153184e+05
   1.1603927e+05
   1.3119877e+05
   1.2093047e+05
   1.3684578e+05
   1.2072531e+05
   1.3542053e+05
   1.2669626e+05
   1.4041972e+05
   1.2274443e+05
   1.4664980e+05
   1.3136072e+05
   1.4382088e+05
   1.2779759e+05
   1.3964230e+05
   1.2080090e+05
   1.5252355e+05
   1.2028263e+05
   1.3837902e+05
   1.2847782e+05
   1.4282752e+05
   1.2961155e+05
   1.3482667e+05
   1.2310074e+05
   1.4234164e+05
   1.2818630e+05
   1.4240642e+05
   1.2760324e+05
   1.3731006e+05
   1.3827103e+05
   1.3305591e+05
   1.2708496e+05
   1.4431756e+05
   1.2685822e+05
   1.4555925e+05
   1.3200856e+05
   1.3807667e+05
   1.3451355e+05
   1.3698616e+05
   1.3535575e+05
   1.3180341e+05
   1.2360822e+05
   1.3881091e+05
   1.2937401e+05
   1.4118631e+05
   1.3864895e+05
   1.3781755e+05
   1.2408330e+05
   1.3917800e+05
   1.2452599e+05
   1.3869213e+05
   1.2615639e+05
   1.4091638e+05
   1.1844707e+05
   1.4026855e+05
   1.2205340e+05
   1.4007419e+05
   1.2260406e+05
   1.4140228e+05
   1.2474194e+05
   1.4442553e+05
   1.2914727e+05
   1.2951437e+05
   1.2673945e+05
   1.4139147e+05
   1.2979510e+05
   1.4163980e+05
   1.2861820e+05
   1.3437319e+05
   1.2548696e+05
   1.3481588e+05
   1.2317632e+05
   1.5049366e+05
   1.2831586e+05
   1.4786989e+05
   1.2670705e+05
   1.4105675e+05
   1.1948363e+05
   1.4930594e+05
   1.2220455e+05
   1.3335823e+05
   1.2126519e+05
   1.4232005e+05
   1.3231089e+05
   1.4460908e+05
   1.2139476e+05
   1.4872289e+05
   1.1979674e+05
   1.4811822e+05
   1.2721453e+05
   1.3587402e+05
   1.2188063e+05
   1.2625357e+05
   1.2523862e+05
   1.3935077e+05
   1.1951602e+05
   1.5272870e+05
   1.2106004e+05
   1.4184495e+05
   1.2636154e+05
   1.3872452e+05
   1.2492549e+05
   1.3681339e+05
   1.2670705e+05
   1.4403681e+05
   1.1993712e+05
   1.4165061e+05
   1.2205340e+05
   1.3558248e+05
   1.2637234e+05
   1.3957752e+05
   1.2308994e+05
   1.3628433e+05
   1.1901934e+05
   1.4066805e+05
   1.3269959e+05
   1.2741969e+05
   1.2274443e+05
   1.4020377e+05
   1.2612400e+05
   1.3710492e+05
   1.1963479e+05
   1.3899445e+05
   1.1979674e+05
   1.3558248e+05
   1.2878015e+05
   1.4395045e+05
   1.2530341e+05
   1.4060327e+05
   1.1487315e+05
   1.3185741e+05
   1.3415723e+05
   1.3305591e+05
   1.2339227e+05
   1.3969630e+05
   1.2472034e+05
   1.3853017e+05
   1.3127434e+05
   1.4371291e+05
   1.2505506e+05
   1.5651858e+05
   1.1917050e+05
   1.3895127e+05
   1.2177266e+05
   1.3758000e+05
   1.2337067e+05
   1.3746123e+05
   1.1530505e+05
   1.4385327e+05
   1.2851021e+05
   1.4004180e+05
   1.2778679e+05
   1.3220292e+05
   1.2197781e+05
   1.4217967e+05
   1.2706338e+05
   1.4009578e+05
   1.2568131e+05
   1.4232005e+05
   1.2869377e+05
   1.3042135e+05
   1.2643713e+05
   1.3474030e+05
   1.2374858e+05
   1.4103516e+05
   1.2329509e+05
   1.4422039e+05
   1.2070373e+05
   1.3691056e+05
   1.3254844e+05
   1.4320544e+05
   1.2037980e+05
   1.3751522e+05
   1.1911651e+05
   1.3942636e+05
   1.2454759e+05
   1.3955592e+05
   1.1809077e+05
   1.4157502e+05
   1.2605922e+05
   1.4139147e+05
   1.1674109e+05
   1.3766638e+05
   1.2940640e+05
   1.4708169e+05
   1.2481752e+05
   1.3417883e+05
   1.2067134e+05
   1.4061406e+05
   1.1694624e+05
   1.2930923e+05
   1.2179426e+05
   1.4409081e+05
   1.2002349e+05
   1.3442717e+05
   1.2331669e+05
   1.3641389e+05
   1.2753846e+05
   1.3143631e+05
   1.1696784e+05
   1.4685494e+05
   1.1691385e+05
   1.4215809e+05
   1.1914890e+05
   1.4278434e+05
   1.1905173e+05
   1.4433914e+05
   1.1934326e+05
   1.3042135e+05
   1.1665471e+05
   1.3993383e+05
   1.2232333e+05
   1.3908083e+05
   1.2020705e+05
   1.3496705e+05
   1.2071452e+05
   1.4179098e+05
   1.2551935e+05
   1.3438398e+05
   1.2345705e+05
   1.3643548e+05
   1.1635239e+05
   1.3433000e+05
   1.2381336e+05
   1.4627188e+05
   1.1634159e+05
   1.3900527e+05
   1.1971037e+05
   1.4280592e+05
   1.2118960e+05
   1.4098119e+05
   1.2204259e+05
   1.3618714e+05
   1.2932002e+05
   1.3735325e+05
   1.2478513e+05
   1.3824944e+05
   1.2686902e+05
   1.4307586e+05
   1.1973196e+05
   1.3705094e+05
   1.2543297e+05
   1.4103516e+05
   1.1756169e+05
   1.3561488e+05
   1.2488230e+05
   1.4753517e+05
   1.2992467e+05
   1.4016056e+05
   1.2761404e+05
   1.3940477e+05
   1.2574609e+05
   1.3909164e+05
   1.3304511e+05
   1.3986903e+05
   1.3015142e+05
   1.3580923e+05
   1.3219213e+05
   1.3983664e+05
   1.2093047e+05
   1.3926439e+05
   1.1994791e+05
   1.3927519e+05
   1.2205340e+05
   1.3770958e+05
   1.1607166e+05
   1.3590642e+05
   1.2354343e+05
   1.4690892e+05
   1.2743048e+05
   1.3987984e+05
   1.2070373e+05
   1.3910244e+05
   1.2741969e+05
   1.2855341e+05
   1.1968877e+05
   1.3910244e+05
   1.2452599e+05
   1.4149945e+05
   1.2642632e+05
   1.3883250e+05
   1.2346784e+05
   1.4383169e+05
   1.3299113e+05
   1.3635991e+05
   1.2708496e+05
   1.4154263e+05
   1.2140555e+05
   1.3967469e+05
   1.3085325e+05
   1.4385327e+05
   1.2343545e+05
   1.3716970e+05
   1.2531420e+05
   1.4075442e+05
   1.2645872e+05
   1.3805509e+05
   1.2294958e+05
   1.4007419e+05
   1.2631835e+05
   1.2961155e+05
   1.2993547e+05
   1.4296789e+05
   1.2226934e+05
   1.4321622e+05
   1.3449195e+05
   1.3307750e+05
   1.1924609e+05
   1.3860575e+05
   1.2487151e+05
   1.3550691e+05
   1.4101358e+05
   1.4558084e+05
   1.2586487e+05
   1.5240478e+05
   1.2962235e+05
   1.4163980e+05
   1.3184661e+05
   1.5475861e+05
   1.3975027e+05
   1.4046289e+05
   1.2745208e+05
   1.4040891e+05
   1.2863979e+05
   1.4124031e+05
   1.2450439e+05
   1.4795627e+05
   1.2185904e+05
   1.3606838e+05
   1.1615804e+05
   1.4168300e+05
   1.2571370e+05
   1.4418798e+05
   1.3114477e+05
   1.3661903e+05
   1.2542218e+05
   1.4235244e+05
   1.2544377e+05
   1.3584163e+05
   1.2764643e+05
   1.5312822e+05
   1.2285240e+05
   1.3433000e+05
   1.3116638e+05
   1.4257919e+05
   1.2063895e+05
   1.3146870e+05
   1.1607166e+05
   1.4240642e+05
   1.3048613e+05
   1.3743964e+05
   1.2835905e+05
   1.3964230e+05
   1.2748447e+05
   1.3038896e+05
   1.2713895e+05
   1.4274114e+05
   1.1877100e+05
   1.4595875e+05
   1.2719295e+05
   1.4253598e+05
   1.1350188e+05
   1.4625028e+05
   1.1853345e+05
   1.3561488e+05
   1.2655589e+05
   1.4041972e+05
   1.1932166e+05
   1.4860411e+05
   1.2442881e+05
   1.4850692e+05
   1.2639393e+05
   1.3875691e+05
   1.3233248e+05
   1.3965309e+05
   1.2570290e+05
   1.4250359e+05
   1.3060491e+05
   1.5229681e+05
   1.1994791e+05
   1.5262073e+05
   1.3713731e+05
   1.3743964e+05
   1.2488230e+05
   1.4757836e+05
   1.3543133e+05
   1.4243881e+05
   1.2334908e+05
   1.4258998e+05
   1.3178183e+05
   1.3712652e+05
   1.3820625e+05
   1.4306506e+05
   1.2736570e+05
   1.3463233e+05
   1.3073448e+05
   1.5052605e+05
   1.2418048e+05
   1.5056923e+05
   1.3166305e+05
   1.3826023e+05
   1.3210573e+05
   1.4206092e+05
   1.2637234e+05
   1.4734083e+05
   1.4318383e+05
   1.5180013e+05
   1.2135156e+05
   1.4496539e+05
   1.3296953e+05
   1.4242802e+05
   1.2983830e+05
   1.3759080e+05
   1.3439478e+05
   1.3816306e+05
   1.3786073e+05
   1.4033333e+05
   1.2978430e+05
   1.4112153e+05
   1.3511820e+05
   1.5080677e+05
   1.3056171e+05
   1.4676855e+05
   1.3197617e+05
   1.4373450e+05
   1.2724692e+05
   1.4834497e+05
   1.2331669e+05
   1.3516139e+05
   1.3967469e+05
   1.4413402e+05
   1.3564727e+05
   1.5862406e+05
   1.2930923e+05
   1.4606673e+05
   1.3856256e+05
   1.4972703e+05
   1.3151189e+05
   1.5191889e+05
   1.3188980e+05
   1.5167056e+05
   1.2875855e+05
   1.4469545e+05
   1.3387650e+05
   1.3924280e+05
   1.2952517e+05
   1.5509333e+05
   1.3982586e+05
   1.4168300e+05
   1.3310989e+05
   1.4942470e+05
   1.3001105e+05
   1.4296789e+05
   1.3322867e+05
   1.3986903e+05
   1.3306670e+05
   1.4829098e+05
   1.3716970e+05
   1.5086077e+05
   1.3853017e+05
   1.4660659e+05
   1.3258083e+05
   1.5189730e+05
   1.4538648e+05
   1.4538648e+05
   1.3643548e+05
   1.5611908e+05
   1.4506258e+05
   1.4872289e+05
   1.3718050e+05
   1.5272870e+05
   1.2656670e+05
   1.4893883e+05
   1.3565808e+05
   1.5434831e+05
   1.3426520e+05
   1.5623784e+05
   1.3039975e+05
   1.3914561e+05
   1.4117553e+05
   1.4320544e+05
   1.4619630e+05
   1.5719881e+05
   1.3758000e+05
   1.5365728e+05
   1.3497784e+05
   1.5039647e+05
   1.3921039e+05
   1.4919795e+05
   1.3687817e+05
   1.6308338e+05
   1.2732251e+05
   1.6416311e+05
   1.3304511e+05
   1.5490977e+05
   1.4228766e+05
   1.4599116e+05
   1.4022536e+05
   1.5555763e+05
   1.3778516e+05
   1.5398120e+05
   1.3214892e+05
   1.4050609e+05
   1.4215809e+05
   1.5636742e+05
   1.3303431e+05
   1.5862406e+05
   1.3485906e+05
   1.5357089e+05
   1.4180178e+05
   1.4558084e+05
   1.3437319e+05
   1.5055844e+05
   1.3296953e+05
