50468.75
48173.82813
51455.07813
43125
52221.67969
45288.08594
49663.08594
44643.55469
48320.3125
45957.03125
51865.23438
46376.95313
48735.35156
46010.74219
51274.41406
45395.50781
51347.65625
46635.74219
51103.51563
44462.89063
51406.25
44785.15625
50649.41406
43466.79688
52968.75
44140.625
48164.0625
45141.60156
50986.32813
44121.09375
51396.48438
46020.50781
52607.42188
44116.21094
49472.65625
45551.75781
50317.38281
48090.82031
48823.24219
43662.10938
50356.44531
44418.94531
50478.51563
46650.39063
51440.42969
42309.57031
49780.27344
48486.32813
50043.94531
47495.11719
48007.8125
47309.57031
48627.92969
42475.58594
49169.92188
43320.3125
48833.00781
43491.21094
47792.96875
45468.75
49858.39844
46303.71094
50483.39844
45380.85938
48510.74219
42368.16406
51235.35156
45917.96875
48774.41406
44824.21875
51074.21875
46562.5
49721.67969
47124.02344
48720.70313
47739.25781
52587.89063
43808.59375
48686.52344
45541.99219
51206.05469
45014.64844
48427.73438
45395.50781
49096.67969
43559.57031
48364.25781
45590.82031
48120.11719
46513.67188
51186.52344
45795.89844
49477.53906
43979.49219
49033.20313
47812.5
50917.96875
42827.14844
50522.46094
46308.59375
50737.30469
44702.14844
52172.85156
47270.50781
50029.29688
47211.91406
48188.47656
45620.11719
47714.84375
46333.00781
49238.28125
44394.53125
48725.58594
45874.02344
48598.63281
44804.6875
47871.09375
45034.17969
49624.02344
46230.46875
49228.51563
47949.21875
47080.07813
44829.10156
49389.64844
44750.97656
49350.58594
45937.5
49194.33594
47060.54688
52792.96875
45161.13281
54663.08594
46308.59375
52958.98438
45839.84375
49047.85156
46215.82031
51557.61719
47143.55469
54150.39063
41811.52344
50844.72656
49116.21094
52666.01563
47133.78906
54150.39063
44794.92188
50249.02344
47338.86719
48896.48438
43940.42969
53696.28906
44282.22656
50654.29688
43671.875
51499.02344
45292.96875
51616.21094
44965.82031
48022.46094
45678.71094
47915.03906
43588.86719
47114.25781
47919.92188
48750
44873.04688
49204.10156
44262.69531
50937.5
46640.625
50717.77344
45644.53125
47524.41406
39853.51563
50102.53906
44760.74219
50288.08594
43286.13281
48984.375
41821.28906
54394.53125
47080.07813
52036.13281
44672.85156
45000
46455.07813
49956.05469
46074.21875
48496.09375
45815.42969
47753.90625
46391.60156
49331.05469
41342.77344
48769.53125
44350.58594
49667.96875
44077.14844
50307.61719
45639.64844
48945.3125
43427.73438
52988.28125
43837.89063
48256.83594
46176.75781
47880.85938
45556.64063
48798.82813
46591.79688
51923.82813
43935.54688
50800.78125
45883.78906
48217.77344
43129.88281
50415.03906
47255.85938
48544.92188
45708.00781
54995.11719
45585.9375
49951.17188
44843.75
49824.21875
44423.82813
51513.67188
46372.07031
49526.36719
42446.28906
48769.53125
45781.25
52993.16406
45537.10938
51010.74219
46201.17188
50913.08594
43862.30469
55278.32031
43217.77344
49985.35156
46181.64063
53286.13281
43188.47656
50830.07813
44042.96875
51474.60938
45327.14844
48398.4375
41318.35938
51044.92188
42568.35938
48652.34375
46230.46875
50263.67188
44833.98438
49682.61719
46420.89844
52548.82813
46523.4375
49614.25781
45019.53125
47973.63281
45385.74219
47993.16406
47182.61719
45175.78125
45434.57031
48740.23438
46845.70313
50302.73438
43515.625
53007.8125
44467.77344
53754.88281
44448.24219
47075.19531
44868.16406
52651.36719
43266.60156
47622.07031
43188.47656
47875.97656
43881.83594
48422.85156
45292.96875
48886.71875
45024.41406
49184.57031
43837.89063
50112.30469
45537.10938
49892.57813
42768.55469
50620.11719
49589.84375
48989.25781
46850.58594
52734.375
45434.57031
50014.64844
44418.94531
51176.75781
46650.39063
47749.02344
45952.14844
50620.11719
44609.375
51416.01563
44560.54688
50791.01563
42602.53906
47363.28125
46230.46875
48100.58594
44809.57031
48154.29688
44575.19531
49399.41406
44301.75781
47807.61719
42700.19531
48940.42969
46044.92188
52333.98438
44692.38281
48217.77344
44868.16406
49233.39844
46123.04688
50014.64844
46459.96094
50000
45683.59375
49780.27344
43588.86719
52153.32031
45253.90625
47421.875
45908.20313
49331.05469
45795.89844
48559.57031
43740.23438
51279.29688
42646.48438
48261.71875
45795.89844
52377.92969
45771.48438
49140.625
44511.71875
50527.34375
43012.69531
49912.10938
42910.15625
49116.21094
45820.3125
49458.00781
45000
47773.4375
48481.44531
50488.28125
43164.0625
49375
42910.15625
45947.26563
44658.20313
48310.54688
43862.30469
45332.03125
45893.55469
51796.875
46538.08594
45561.52344
46782.22656
48647.46094
43476.5625
47568.35938
43144.53125
45795.89844
43706.05469
48540.03906
46699.21875
51088.86719
45947.26563
50244.14063
44516.60156
48994.14063
44228.51563
47270.50781
46572.26563
52226.5625
49741.21094
48383.78906
44204.10156
49687.5
41728.51563
46420.89844
46586.91406
50458.98438
43457.03125
47856.44531
45366.21094
47739.25781
44697.26563
50742.1875
44003.90625
47241.21094
40854.49219
50405.27344
46010.74219
45966.79688
46083.98438
47583.00781
46416.01563
50253.90625
41606.44531
48789.0625
44882.8125
52778.32031
45551.75781
50625
45410.15625
49311.52344
44360.35156
51572.26563
43920.89844
51938.47656
45556.64063
48857.42188
45639.64844
49848.63281
45820.3125
49238.28125
43769.53125
50000
45278.32031
47915.03906
45502.92969
49042.96875
44414.0625
47080.07813
46699.21875
52124.02344
48349.60938
53315.42969
45537.10938
48232.42188
44174.80469
47460.9375
45991.21094
52045.89844
45444.33594
47382.8125
41484.375
50942.38281
43808.59375
50942.38281
45805.66406
51059.57031
45898.4375
47490.23438
45986.32813
51474.60938
45053.71094
49472.65625
43759.76563
49921.875
46201.17188
49443.35938
42792.96875
51826.17188
43608.39844
50126.95313
44951.17188
48784.17969
43305.66406
48500.97656
42622.07031
48203.125
44501.95313
53979.49219
42221.67969
50322.26563
43476.5625
47583.00781
44853.51563
48730.46875
46049.80469
48828.125
45268.55469
49028.32031
45834.96094
53037.10938
42661.13281
49833.98438
46689.45313
51367.1875
43271.48438
47661.13281
46728.51563
47880.85938
43442.38281
48813.47656
43876.95313
51884.76563
44350.58594
51313.47656
46357.42188
50751.95313
46054.6875
51264.64844
49980.46875
47163.08594
45092.77344
48129.88281
47309.57031
48281.25
43364.25781
52465.82031
45786.13281
48691.40625
43481.44531
48701.17188
44174.80469
49858.39844
42275.39063
50922.85156
44003.90625
51245.11719
43261.71875
48378.90625
46113.28125
51088.86719
44399.41406
50649.41406
42495.11719
49204.10156
45722.65625
48325.19531
44477.53906
51010.74219
43339.84375
48466.79688
44165.03906
48354.49219
46591.79688
50009.76563
48491.21094
48955.07813
44731.44531
51694.33594
47172.85156
49082.03125
42983.39844
47890.625
43627.92969
50839.84375
43671.875
46494.14063
44047.85156
51230.46875
47812.5
51899.41406
45205.07813
50439.45313
48315.42969
49218.75
45781.25
51157.22656
44594.72656
49443.35938
45766.60156
49018.55469
46035.15625
47236.32813
44956.05469
50981.44531
42207.03125
48974.60938
45253.90625
51166.99219
46450.19531
47675.78125
45107.42188
48413.08594
46425.78125
52636.71875
44506.83594
47851.5625
43657.22656
53994.14063
42949.21875
47871.09375
44018.55469
47905.27344
43046.875
50517.57813
46611.32813
47700.19531
44096.67969
49301.75781
45249.02344
48408.20313
44321.28906
49580.07813
43398.4375
52153.32031
43110.35156
51069.33594
44072.26563
48159.17969
42778.32031
51606.44531
46948.24219
52495.11719
46958.00781
52485.35156
45034.17969
50444.33594
48095.70313
49936.52344
45434.57031
52114.25781
44125.97656
49741.21094
42080.07813
47988.28125
44731.44531
50878.90625
42324.21875
51777.34375
44702.14844
48789.0625
45439.45313
50444.33594
44428.71094
51728.51563
44077.14844
48208.00781
46611.32813
49580.07813
44726.5625
47163.08594
47534.17969
52524.41406
46137.69531
49809.57031
45009.76563
48881.83594
46777.34375
51391.60156
46474.60938
47993.16406
44252.92969
49736.32813
46538.08594
47553.71094
43613.28125
48178.71094
44721.67969
47895.50781
46357.42188
45996.09375
44931.64063
50268.55469
43198.24219
50615.23438
44389.64844
51616.21094
45683.59375
48364.25781
47934.57031
48046.875
47622.07031
53940.42969
46474.60938
47031.25
44624.02344
48925.78125
44721.67969
49277.34375
46777.34375
47241.21094
46386.71875
47426.75781
47866.21094
48857.42188
44335.9375
54819.33594
46557.61719
47348.63281
45048.82813
48696.28906
44301.75781
49765.625
44604.49219
51303.71094
43842.77344
53051.75781
43710.9375
50341.79688
43251.95313
46718.75
46494.14063
51166.99219
41875
47026.36719
45058.59375
50903.32031
48979.49219
51293.94531
46708.98438
50375.97656
45322.26563
49521.48438
45136.71875
49931.64063
47089.84375
47519.53125
44941.40625
52338.86719
43872.07031
49350.58594
43681.64063
51401.36719
44897.46094
49506.83594
48222.65625
48837.89063
46479.49219
50102.53906
46411.13281
50844.72656
47182.61719
49355.46875
46987.30469
53530.27344
43002.92969
49160.15625
44858.39844
47207.03125
47094.72656
50034.17969
43979.49219
50805.66406
44506.83594
45678.71094
47114.25781
49389.64844
49868.16406
48627.92969
46147.46094
47246.09375
47631.83594
46523.4375
44829.10156
49516.60156
44404.29688
49697.26563
45996.09375
49462.89063
44565.42969
50800.78125
46508.78906
49326.17188
45639.64844
49038.08594
45454.10156
48413.08594
44409.17969
53417.96875
46582.03125
50400.39063
47578.125
47958.98438
43920.89844
47934.57031
45312.5
51669.92188
46987.30469
48100.58594
45288.08594
49907.22656
45131.83594
50600.58594
45991.21094
49506.83594
46625.97656
50039.0625
45966.79688
51103.51563
46972.65625
48759.76563
43061.52344
51293.94531
42719.72656
49418.94531
44750.97656
50273.4375
47153.32031
48437.5
44160.15625
50742.1875
44541.01563
53666.99219
46816.40625
48813.47656
43925.78125
49179.6875
45117.1875
52343.75
42763.67188
50908.20313
42270.50781
51479.49219
43652.34375
49941.40625
46694.33594
48486.32813
46391.60156
49125.97656
45356.44531
49882.8125
43671.875
52851.5625
45166.01563
54697.26563
45356.44531
46894.53125
45146.48438
49560.54688
44545.89844
55400.39063
46147.46094
49257.8125
45444.33594
48037.10938
47275.39063
48862.30469
44155.27344
49287.10938
43818.35938
47832.03125
46699.21875
50058.59375
45097.65625
48315.42969
48115.23438
55083.00781
46669.92188
52753.90625
42153.32031
51318.35938
43637.69531
52226.5625
46293.94531
49233.39844
46040.03906
50273.4375
47690.42969
49458.00781
47539.0625
47670.89844
44350.58594
51601.5625
45292.96875
51103.51563
48496.09375
50351.5625
45903.32031
51303.71094
44233.39844
47773.4375
45742.1875
48369.14063
44926.75781
52416.99219
46103.51563
49311.52344
45771.48438
52080.07813
46235.35156
49145.50781
45195.3125
49169.92188
46909.17969
51186.52344
46850.58594
48945.3125
47875.97656
49741.21094
44238.28125
51455.07813
46533.20313
50854.49219
45063.47656
53291.01563
43012.69531
50390.625
49775.39063
49643.55469
45952.14844
51845.70313
44960.9375
52055.66406
43745.11719
48461.91406
47553.71094
49843.75
45468.75
48642.57813
47954.10156
46953.125
47851.5625
51396.48438
45073.24219
51020.50781
46582.03125
53842.77344
46743.16406
50048.82813
46416.01563
49267.57813
43798.82813
50122.07031
50634.76563
47202.14844
47314.45313
51201.17188
48920.89844
49467.77344
46674.80469
50561.52344
45004.88281
48457.03125
47880.85938
50869.14063
44389.64844
52749.02344
47792.96875
50527.34375
47065.42969
49956.05469
45795.89844
51347.65625
44580.07813
48691.40625
48666.99219
47275.39063
52324.21875
49174.80469
45981.44531
52333.98438
44653.32031
51894.53125
46054.6875
48798.82813
44228.51563
51357.42188
46806.64063
47729.49219
45043.94531
50454.10156
46811.52344
51953.125
43872.07031
49814.45313
46694.33594
51713.86719
46552.73438
51269.53125
46884.76563
48891.60156
47138.67188
49653.32031
44238.28125
50634.76563
45517.57813
50019.53125
47187.5
51513.67188
44985.35156
53774.41406
45761.71875
50380.85938
46191.40625
52202.14844
44599.60938
52373.04688
47084.96094
50166.01563
46625.97656
51386.71875
46484.375
52504.88281
44868.16406
50136.71875
46528.32031
49643.55469
47319.33594
50644.53125
45576.17188
49335.9375
43593.75
50947.26563
47426.75781
49863.28125
45473.63281
50869.14063
44814.45313
49228.51563
46762.69531
49345.70313
44169.92188
51083.98438
47182.61719
49682.61719
42783.20313
54658.20313
43330.07813
50395.50781
46323.24219
46240.23438
45102.53906
50507.8125
47573.24219
50854.49219
49418.94531
50498.04688
46616.21094
51650.39063
44111.32813
51938.47656
48779.29688
51665.03906
48085.9375
48339.84375
45126.95313
49931.64063
45629.88281
50517.57813
46411.13281
50605.46875
46411.13281
49692.38281
43745.11719
49873.04688
43461.91406
49775.39063
44628.90625
51206.05469
47001.95313
53505.85938
45981.44531
52739.25781
44926.75781
49350.58594
41684.57031
51166.99219
44599.60938
54121.09375
45615.23438
52353.51563
47773.4375
48847.65625
48374.02344
48564.45313
46811.52344
48969.72656
46704.10156
47690.42969
45063.47656
52724.60938
46733.39844
54150.39063
44208.98438
48867.1875
49370.11719
51621.09375
44218.75
50932.61719
45000
50903.32031
47714.84375
49248.04688
45942.38281
50781.25
46401.36719
52773.4375
44682.61719
50615.23438
46884.76563
50898.4375
44711.91406
50693.35938
42861.32813
52148.4375
47172.85156
51010.74219
43964.84375
52758.78906
47851.5625
50537.10938
46708.98438
52001.95313
47646.48438
50712.89063
45024.41406
48530.27344
50229.49219
50053.71094
45541.99219
51225.58594
46210.9375
55234.375
47119.14063
50283.20313
49702.14844
52226.5625
47104.49219
49589.84375
45771.48438
53901.36719
46718.75
52348.63281
45966.79688
51137.69531
48149.41406
50205.07813
47631.83594
49760.74219
47636.71875
48706.05469
46938.47656
49340.82031
47089.84375
50439.45313
47211.91406
51005.85938
48076.17188
52749.02344
47202.14844
49179.6875
44389.64844
52031.25
43925.78125
54023.4375
45278.32031
49804.6875
46860.35156
51684.57031
46533.20313
51435.54688
44648.4375
51044.92188
47084.96094
52387.69531
44648.4375
54238.28125
46923.82813
51977.53906
45341.79688
49052.73438
48051.75781
52299.80469
44829.10156
51225.58594
44570.3125
52534.17969
47255.85938
51059.57031
45424.80469
50151.36719
42832.03125
53203.125
45590.82031
52861.32813
48686.52344
48701.17188
46577.14844
47753.90625
46914.0625
48457.03125
45791.01563
51088.86719
47587.89063
51215.82031
48125
52441.40625
43154.29688
54433.59375
48530.27344
54287.10938
45229.49219
55244.14063
48598.63281
49580.07813
45620.11719
49462.89063
45678.71094
51005.85938
50097.65625
50517.57813
48691.40625
51137.69531
47656.25
50917.96875
46728.51563
49501.95313
50400.39063
53422.85156
45141.60156
51264.64844
47177.73438
49594.72656
47216.79688
52866.21094
49301.75781
51787.10938
47348.63281
49130.85938
45600.58594
51093.75
46640.625
51884.76563
46669.92188
52822.26563
46708.98438
51489.25781
45283.20313
56176.75781
45097.65625
52900.39063
48671.875
50429.6875
48315.42969
50771.48438
47255.85938
51699.21875
46684.57031
48081.05469
46303.71094
52519.53125
47197.26563
52929.6875
45932.61719
51025.39063
47177.73438
50664.0625
48471.67969
49306.64063
46191.40625
48623.04688
48330.07813
52250.97656
45424.80469
49453.125
49487.30469
53549.80469
45893.55469
47875.97656
46806.64063
53920.89844
46533.20313
52797.85156
44370.11719
51049.80469
47050.78125
51582.03125
46699.21875
51318.35938
45502.92969
52490.23438
47221.67969
52187.5
47919.92188
52836.91406
46391.60156
51479.49219
47065.42969
53134.76563
44848.63281
51040.03906
48505.85938
50854.49219
46064.45313
51875
45722.65625
51196.28906
45068.35938
52250.97656
46513.67188
51459.96094
47949.21875
51816.40625
44692.38281
52983.39844
47119.14063
50815.42969
44707.03125
49663.08594
48466.79688
50332.03125
48735.35156
54233.39844
47626.95313
50063.47656
46699.21875
52792.96875
45986.32813
51923.82813
48666.99219
50405.27344
48476.5625
53471.67969
44179.6875
47949.21875
45288.08594
52265.625
48256.83594
52817.38281
45815.42969
52202.14844
48935.54688
50693.35938
47192.38281
48476.5625
46899.41406
53369.14063
45424.80469
55263.67188
47504.88281
54028.32031
48315.42969
51557.61719
49897.46094
50791.01563
47031.25
49560.54688
45625
51254.88281
45703.125
52714.84375
47460.9375
50541.99219
47407.22656
50908.20313
50224.60938
53276.36719
48183.59375
50747.07031
44243.16406
52685.54688
45380.85938
47680.66406
48964.84375
50781.25
46083.98438
53681.64063
47758.78906
50893.55469
46591.79688
50048.82813
45532.22656
50634.76563
44628.90625
48002.92969
44824.21875
51757.8125
47456.05469
49565.42969
44711.91406
50864.25781
47011.71875
49995.11719
44599.60938
50434.57031
46093.75
54648.4375
44931.64063
54233.39844
48227.53906
50766.60156
47329.10156
50112.30469
46669.92188
52031.25
45004.88281
49863.28125
48295.89844
52661.13281
43730.46875
51855.46875
47099.60938
54316.40625
46748.04688
50766.60156
47470.70313
48608.39844
45087.89063
52177.73438
46884.76563
46552.73438
45874.02344
52973.63281
47060.54688
50527.34375
44023.4375
49291.99219
45498.04688
54062.5
45805.66406
50434.57031
49028.32031
48554.6875
46040.03906
49326.17188
44179.6875
52817.38281
47680.66406
52626.95313
42290.03906
52636.71875
44350.58594
52167.96875
46381.83594
53217.77344
48144.53125
51181.64063
48325.19531
49965.82031
45585.9375
51616.21094
44995.11719
51098.63281
47617.1875
52939.45313
46069.33594
50458.98438
46557.61719
52163.08594
49638.67188
50957.03125
45541.99219
54062.5
45839.84375
52148.4375
48276.36719
53862.30469
44995.11719
53183.59375
48149.41406
48525.39063
43623.04688
50112.30469
45395.50781
50405.27344
44721.67969
49077.14844
46186.52344
47832.03125
45258.78906
50654.29688
46284.17969
50473.63281
46142.57813
48461.91406
44062.5
51752.92969
45590.82031
48935.54688
43515.625
50708.00781
47846.67969
52407.22656
43745.11719
52368.16406
43784.17969
48740.23438
47265.625
51801.75781
46772.46094
51489.25781
46635.74219
54165.03906
45551.75781
50927.73438
44160.15625
51030.27344
46298.82813
51352.53906
46972.65625
50468.75
45649.41406
50068.35938
46591.79688
50156.25
47275.39063
50024.41406
48129.88281
51157.22656
47226.5625
50844.72656
44692.38281
49697.26563
45834.96094
51318.35938
46000.97656
51665.03906
46855.46875
51318.35938
45659.17969
50727.53906
45844.72656
50043.94531
44497.07031
53046.875
43105.46875
50097.65625
44453.125
54975.58594
45371.09375
50805.66406
45395.50781
54658.20313
47158.20313
48408.20313
43085.9375
48525.39063
44301.75781
50625
43217.77344
49414.0625
45458.98438
49633.78906
44892.57813
48413.08594
46889.64844
51469.72656
44907.22656
51914.0625
47739.25781
52705.07813
45361.32813
49990.23438
45004.88281
54565.42969
44575.19531
49755.85938
46958.00781
50717.77344
46567.38281
48520.50781
44643.55469
50961.91406
46088.86719
51523.4375
45971.67969
49482.42188
50239.25781
48461.91406
46381.83594
51748.04688
46083.98438
52236.32813
48266.60156
49218.75
48945.3125
48457.03125
48535.15625
48793.94531
45273.4375
50117.1875
46953.125
50581.05469
49375
48261.71875
45249.02344
50161.13281
45366.21094
50175.78125
45639.64844
51289.0625
44375
50795.89844
45253.90625
49443.35938
45605.46875
50439.45313
45571.28906
52075.19531
46938.47656
46972.65625
45947.26563
50371.09375
46953.125
50019.53125
45981.44531
48862.30469
46225.58594
48662.10938
45200.19531
54204.10156
47290.03906
53105.46875
45927.73438
50649.41406
43701.17188
52807.61719
45356.44531
48256.83594
44809.57031
50141.60156
47387.69531
51157.22656
44042.96875
52988.28125
43920.89844
52871.09375
45927.73438
48730.46875
45068.35938
45708.00781
45571.28906
50644.53125
44135.74219
53408.20313
43427.73438
50957.03125
45712.89063
50117.1875
45483.39844
48500.97656
45258.78906
51811.52344
44399.41406
50625
44985.35156
48911.13281
45795.89844
49584.96094
44628.90625
49291.99219
43193.35938
50332.03125
46757.8125
46333.00781
45087.89063
50092.77344
45864.25781
49047.85156
44028.32031
49833.98438
44316.40625
49570.3125
46245.11719
52319.33594
45390.625
50048.82813
42182.61719
47294.92188
49018.55469
47485.35156
44672.85156
51259.76563
45898.4375
48764.64844
47124.02344
51264.64844
45385.74219
56010.74219
42924.80469
50048.82813
44511.71875
49204.10156
44946.28906
49658.20313
42255.85938
52050.78125
45834.96094
49223.63281
46010.74219
47519.53125
43627.92969
51577.14844
45693.35938
49731.44531
45678.71094
51147.46094
46303.71094
46337.89063
46088.86719
48852.53906
44711.91406
51220.70313
45961.91406
50908.20313
43281.25
49252.92969
47299.80469
49814.45313
43588.86719
47993.16406
43286.13281
49555.66406
45209.96094
48862.30469
42988.28125
50034.17969
45927.73438
50083.00781
42104.49219
48803.71094
47524.41406
51938.47656
46088.86719
48276.36719
44594.72656
49765.625
43027.34375
47216.79688
44731.44531
50605.46875
43906.25
47636.71875
45112.30469
48295.89844
45849.60938
47226.5625
42631.83594
52329.10156
43066.40625
50786.13281
42646.48438
49194.33594
44179.6875
50878.90625
42788.08594
47158.20313
42856.44531
49213.86719
45395.50781
49599.60938
43613.28125
48813.47656
42583.00781
50522.46094
44882.8125
48046.875
44199.21875
48398.4375
41992.1875
47685.54688
44794.92188
52812.5
42446.28906
49526.36719
42333.98438
50634.76563
43149.41406
50834.96094
44223.63281
48720.70313
46469.72656
49282.22656
45205.07813
49448.24219
45371.09375
49248.04688
42626.95313
48266.60156
45024.41406
49663.08594
42080.07813
48618.16406
44555.66406
52255.85938
46250
49584.96094
46132.8125
48359.375
44877.92969
48828.125
46894.53125
51088.86719
47309.57031
46879.88281
46840.82031
47500
44248.04688
49106.44531
43725.58594
47792.96875
43515.625
47729.49219
42333.98438
47329.10156
43554.6875
50781.25
44150.39063
50288.08594
42890.625
48564.45313
44477.53906
45693.35938
43134.76563
48500.97656
43413.08594
49047.85156
43764.64844
48051.75781
43642.57813
50893.55469
46499.02344
47436.52344
43691.40625
48032.22656
43295.89844
48261.71875
46347.65625
50566.40625
44335.9375
47846.67969
44716.79688
48706.05469
44360.35156
47915.03906
41611.32813
48227.53906
43427.73438
45605.46875
45541.99219
49580.07813
41665.03906
49174.80469
46425.78125
45986.32813
42719.72656
47031.25
44902.34375
47504.88281
49682.61719
50551.75781
44145.50781
51401.36719
44804.6875
48300.78125
46406.25
53730.46875
47636.71875
48393.55469
44047.85156
47690.42969
43911.13281
48256.83594
43046.875
50952.14844
42626.95313
47416.99219
40307.61719
49155.27344
43945.3125
49184.57031
45571.28906
46591.79688
43715.82031
49687.5
43569.33594
45268.55469
44643.55469
51381.83594
42558.59375
45571.28906
45717.77344
48212.89063
41953.125
43959.96094
39936.52344
47744.14063
44448.24219
46860.35156
45644.53125
46406.25
44248.04688
46079.10156
44145.50781
47963.86719
41572.26563
49267.57813
43115.23438
47246.09375
38613.28125
49853.51563
41059.57031
45551.75781
43066.40625
48139.64844
41767.57813
49667.96875
43129.88281
49868.16406
43139.64844
46313.47656
46005.85938
45571.28906
42626.95313
47050.78125
43466.79688
50502.92969
41972.65625
51699.21875
46025.39063
46166.99219
42714.84375
50014.64844
45048.82813
47236.32813
41147.46094
48364.25781
44184.57031
45913.08594
46674.80469
46699.21875
42031.25
45249.02344
44233.39844
49643.55469
41049.80469
48579.10156
43847.65625
45742.1875
45395.50781
46230.46875
41372.07031
47333.98438
46767.57813
50053.71094
41079.10156
48481.44531
45073.24219
45771.48438
42211.91406
45205.07813
44262.69531
45078.125
45000
44155.27344
43242.1875
45717.77344
44257.8125
49609.375
42109.375
47231.44531
42802.73438
45610.35156
41074.21875
48891.60156
40649.41406
43706.05469
44814.45313
47373.04688
43642.57813
51474.60938
41943.35938
46884.76563
45141.60156
49897.46094
42587.89063
48886.71875
42080.07813
48232.42188
41816.40625
45302.73438
43710.9375
44775.39063
41035.15625
50244.14063
45415.03906
44682.61719
43085.9375
47104.49219
41835.9375
44995.11719
42788.08594
43950.19531
41821.28906
47309.57031
44150.39063
47949.21875
44492.1875
46376.95313
43046.875
47583.00781
46049.80469
44931.64063
42861.32813
49287.10938
45942.38281
45678.71094
44199.21875
48740.23438
39775.39063
46821.28906
41772.46094
47705.07813
42465.82031
48769.53125
40053.71094
42822.26563
44692.38281
45473.63281
45634.76563
48750
42128.90625
48349.60938
42177.73438
46625.97656
42929.6875
45810.54688
42109.375
49423.82813
39477.53906
50410.15625
41669.92188
47255.85938
43901.36719
44877.92969
43217.77344
47177.73438
42519.53125
47475.58594
39218.75
42861.32813
43291.01563
47675.78125
40639.64844
49121.09375
41230.46875
46245.11719
43466.79688
44536.13281
40791.01563
45751.95313
41113.28125
