190411.5156
177778.5781
190681.4375
162446.3281
195972.1406
174323.4219
185174.7813
173999.5
179290.2188
178210.4844
194838.4219
180154.0156
180154.0156
177238.7188
193164.8281
172649.8281
193974.625
180207.9844
190627.4531
171084.2188
196134.0938
169086.7188
186470.4531
167899
200561.0156
169626.5781
180154.0156
173621.6094
190087.5781
171084.2188
193920.6563
173567.6094
196242.0781
173675.5938
190357.5156
175997.0156
192409.0156
186740.3906
189223.7969
166549.3281
190681.4375
171840.0313
193110.8438
185282.7656
195270.3281
170814.2813
190573.4688
192031.1094
190465.4844
189385.75
183231.25
187172.2969
186902.3594
165523.5781
190249.5313
171678.0781
188953.8594
172055.9844
184310.9844
183555.1719
192085.0938
181935.5781
197483.7656
177994.5469
190357.5156
174053.5
199589.2656
184850.8594
192894.8906
179992.0469
205689.7656
189115.8125
196997.8906
188521.9688
192786.9219
197645.7344
206391.5938
176105
180666.875
185228.7656
203530.2969
183555.1719
194190.5781
187280.2656
202018.6719
180207.9844
194460.5156
189871.6406
197105.875
194460.5156
207363.3594
189439.7344
203476.3125
183069.2969
198833.4375
198779.4688
208443.0938
180909.8281
207525.3125
198347.5625
208227.1563
190627.4531
213247.9219
199157.3594
207741.2656
200830.9531
205311.8594
194568.4844
202396.5781
197915.6719
210710.5313
193758.6875
202126.6406
201154.875
209414.8594
198077.625
208928.9844
199427.2969
211682.3125
204987.9531
215353.4063
209036.9531
201640.7656
204124.1563
214651.5781
200399.0625
214921.5156
206445.5781
215299.4219
212654.0625
229228.0313
203746.2344
235544.4688
208281.125
229983.8438
208551.0625
217782.8125
211952.25
227068.5469
218106.7344
240835.1875
196943.9063
228472.2188
223721.3594
232359.25
218214.7188
240511.2656
209090.9375
227500.4375
215245.4375
219780.3281
203962.1875
235922.3906
207417.3594
225988.8125
208011.2031
229767.8906
210008.7188
232791.1563
212708.0625
221939.8125
219240.4688
224423.2031
210224.6563
216379.1563
222911.5625
227662.4063
218484.6563
230253.7656
216595.1094
236948.1406
230199.7813
239863.4219
219942.2813
227716.3906
200021.1563
241752.9531
220698.0938
238729.7031
217890.7969
236516.25
209252.9063
253576.0781
230631.6875
249203.1406
226582.6719
226636.6563
233385
242562.7656
233870.8906
240349.3125
232575.2031
233331.0313
238891.6563
248285.3594
218592.6094
240295.3281
232143.3125
249311.1094
228364.2344
245100.1406
237056.1094
243696.4844
231333.5156
259298.6719
228958.0938
243480.5469
240997.1406
246611.7656
236246.3125
252766.2813
246503.8125
261836.0625
237865.9219
255519.5938
246179.875
253198.1719
237649.9688
261998.0156
253684.0469
260702.3281
251848.5
280245.5625
254061.9688
269448.2188
250714.7656
264535.4063
251200.6563
280461.5
262375.9375
272903.3438
243588.5156
267828.5938
264697.3438
290179.125
262969.7813
281109.375
270581.9375
287317.8438
262537.875
304053.75
259676.5938
286454.0313
276466.4688
302758.0625
264805.3438
294498.0938
268800.3438
294606.0625
269718.125
283700.7188
262645.875
296603.5938
263455.6563
285590.25
282836.9375
297143.4375
277114.3125
293148.4063
290719
309236.4688
290988.9375
299356.9063
287209.875
298817.0313
289963.1875
303405.9063
303567.875
291204.9063
301948.25
309560.4063
307994.7813
317280.5313
301840.2813
332504.8125
306591.1563
335420.0938
310262.25
320573.7188
311180.0313
340170.9063
315660.9375
331964.9375
313555.4375
331533.0313
329049.6563
341628.5625
330237.375
345299.6563
333746.5
349672.625
334178.4063
353775.5938
344111.9688
355125.2813
341358.625
360254.0313
358850.375
355503.1875
352479.9375
369917.6875
346109.4688
366948.4063
348700.875
370133.5938
360200.0313
355071.3125
360415.9688
370295.5938
356097.0313
375154.4063
354747.3438
380067.1875
353991.5625
370619.5
369593.7188
378987.4375
374992.4063
382334.625
373912.6875
394913.5625
376342.0938
387247.4375
375748.25
393617.875
387733.3125
412567.25
389083
395885.3125
392700.125
409543.9688
395885.3125
412351.3125
410299.8125
421691
408032.3438
425038.1875
413700.9688
442421.9688
419099.6563
420341.3438
420935.2188
433136.2188
422878.7188
422662.8125
417102.125
447766.6563
411541.5
426873.75
420719.25
444635.4063
425794.0313
428925.25
421259.125
441072.2813
420017.4375
436267.4375
413539
444527.4688
429249.1563
442206
431840.5625
440640.4063
450951.875
457214.375
428061.4688
449224.2813
440694.375
451545.75
443555.6563
454946.9063
443771.625
472762.5625
450142.0625
471466.875
457106.375
464502.5938
468173.6875
477027.5
455108.875
471898.75
464286.625
485773.375
473734.3125
483775.8438
484963.5625
507476.0625
487608.9375
502779.2188
479133
499432.0313
492521.7188
504182.9063
491226.0625
512820.7813
517031.75
511147.1563
499917.9063
496354.8125
481238.5
506288.3438
510607.3125
509149.6563
479618.875
505586.5313
508177.9063
503373.0938
492521.7188
514332.4063
501267.5938
517517.5938
488958.5938
510121.4375
502185.375
515844.0313
520162.9688
515898
515682.0625
535117.3125
518003.5
533227.8125
514656.3125
538788.4375
532903.875
554822.5
525939.5625
531986.125
533875.625
569452.9375
532849.875
553742.75
540408.0625
564648.125
560329.1875
564756.0625
550341.625
569938.8125
568157.25
584839.1875
555902.25
564270.1875
572854.125
591317.625
559519.375
564810.0625
570802.625
601629.125
588564.25
590993.625
566051.75
589266.125
575661.4375
579062.5625
569992.8125
589967.9375
576741.1875
588564.25
555092.4375
586782.75
572692.1875
598011.9375
579440.5
597688.0625
575877.375
597310.125
589158.125
611616.625
582463.75
595744.5
593369.0625
613668.125
595744.5
596932.1875
584623.25
627272.8125
596068.4375
608053.5625
586296.8125
620146.5625
604760.3125
619066.8125
590345.8125
614370
622414
652592.6875
605732.0625
624519.5
618311.0625
640769.5625
631321.875
635802.6875
629486.25
645952.25
643306.875
649839.3125
628568.5
663336
627002.875
663605.9375
647949.75
656317.6875
626732.9375
653240.5
650541.125
642605.125
621982.125
644872.5
636828.5
659287
631105.875
648003.8125
646114.25
650433.1875
642821
658909.125
651135
648543.625
641849.25
650649.0625
654914.0625
658531.1875
639419.875
665819.4375
653996.3125
664631.6875
642335.1875
659017.0625
654266.25
665711.4375
648165.6875
673377.5625
646492.125
678830.25
654266.25
667385
669166.5625
681475.625
658369.25
690815.3125
669598.5
687954
673053.625
688008
684660.75
697347.6875
675051.1875
689897.5625
690329.375
697131.8125
683851
700964.8125
696645.875
694432.4375
678938.1875
707605.1875
682339.375
692326.9375
676724.75
686442.375
667331
694540.375
681691.5
686388.375
670192.375
690383.4375
677696.5625
693136.75
677264.625
695080.25
687468.125
691463.1875
687360.125
694108.5
674889.1875
697725.625
682663.3125
691949
680449.875
688601.8125
678668.25
700802.875
669922.4375
684930.6875
678614.3125
698805.375
694918.25
686010.4375
675159.125
698805.375
696537.875
715649.25
672297.875
685740.5
692542.9375
729631.8125
682231.375
696753.8125
684228.9375
715325.3125
697077.75
704635.875
689249.6875
706903.375
702044.5625
710844.375
679856
688331.9375
693406.6875
717268.8125
689519.5625
695242.25
675051.1875
709926.625
691895
683905
650811.0625
695782.125
690977.25
705499.75
672567.8125
687360.125
669922.4375
703556.1875
688655.8125
674727.25
665009.625
696969.8125
684606.8125
685362.625
649839.3125
669382.5625
667654.9375
696537.875
654212.25
674619.25
656641.6875
687684.0625
668680.6875
675375.0625
650433.1875
675051.1875
669598.5
682663.3125
672297.875
661932.3125
654482.1875
680881.6875
678938.1875
666683.1875
648597.625
680233.875
677858.4375
679748
651081
668464.75
674025.375
674781.25
654374.1875
657397.4375
651728.8125
668572.75
652484.625
643198.9375
632293.5625
648003.8125
653726.375
641741.25
627110.875
640769.5625
629000.375
656965.5625
626840.9375
636072.625
617501.25
632185.625
647355.875
630889.9375
612264.5
640445.625
629702.25
634669
607189.6875
616475.5
606757.8125
631753.6875
622791.875
617663.125
601575.125
601251.125
616745.375
616961.375
593369.0625
611940.5625
593477.125
605678.125
596230.4375
600765.3125
582787.6875
589536.0625
583543.5
604922.25
584461.25
604868.3125
572530.1875
602276.9375
587592.5
588429.25
589455.0625
578900.6875
568535.125
593099.125
571720.375
581006.0625
570694.625
584245.3125
575445.5
579980.375
554876.5
565457.9375
555686.3125
571396.5
556712
547912.1875
538950.375
566105.75
539706.1875
547750.25
521242.7188
548722
530582.4375
545806.6875
534523.4375
536143.0625
523888.0938
536898.875
524643.875
529988.5625
522538.4063
523024.2813
516060
539328.3125
501159.625
513900.5313
495652.9375
506018.4375
504182.9063
513252.6563
490686.1875
508177.9063
487392.9688
503643.0313
492899.625
489174.5313
490848.1563
500349.8125
483613.9063
481076.5
477837.3125
482534.1563
476163.7188
488796.6563
463692.7813
472438.625
467039.9375
480698.625
468497.5938
475569.875
452733.4375
465852.25
463314.875
465042.4375
449818.1563
446363
436915.3125
476271.6875
446740.9063
452193.5625
433622.125
437131.25
434539.9063
439614.625
424498.3438
434377.9063
424228.4063
432866.2813
423364.625
434215.9688
401499.9688
424930.2188
417372.0625
431300.6875
410353.7813
409813.9063
401877.875
426711.8125
408140.3438
401661.9063
382712.5625
407438.5
384979.9688
402741.6563
384710.0313
400636.1563
387031.5
395615.375
379257.375
391674.3438
364950.875
401284
379095.4375
379797.25
363763.1563
377205.9063
358094.5313
388381.1563
352263.9688
377367.8438
346271.4688
377691.75
355341.2188
372994.9375
363709.1875
364411
352803.8438
362035.5625
346649.3438
363061.3438
335096.1875
361009.8438
338605.3125
371321.3125
338011.4375
337795.5313
328779.7188
344597.8438
327753.9375
362035.5625
328941.6563
337957.4688
325486.5313
333314.625
333368.5938
327484
314581.1875
326728.2188
307131
324298.8125
318954.0938
326080.375
306753.0938
317226.5313
323435
339900.9688
309452.4375
324406.7813
292662.5313
324946.6563
293040.4375
318900.125
299033
307616.875
301084.4688
309128.5
296657.5625
302056.25
300814.5625
298169.1875
284672.4688
308102.7813
287047.9063
306105.25
299734.8125
302434.1563
289045.4375
303513.875
279597.75
292554.5625
281865.1563
290179.125
276736.4063
301300.4063
282890.9063
288397.5938
275224.7813
292554.5625
273929.0938
284780.4688
270150.0313
281109.375
271121.8125
287047.9063
278518
278086.0938
274954.8438
278518
258542.8594
286831.9375
267126.75
283268.8438
263131.75
292176.6563
251146.6719
275170.8125
276088.5625
274900.875
260810.3125
282351.0625
258003
284348.5625
254169.9219
267234.75
265183.25
272417.4688
261026.25
269448.2188
267666.625
260594.375
265291.2188
275062.8438
256005.4844
274307.0313
259082.7344
288289.5938
262537.875
271769.625
259784.5625
267288.7188
245208.125
272525.4375
275926.625
258056.9844
259352.6563
270689.9063
268854.3438
267828.5938
260000.5156
268152.5313
248447.3281
262753.8438
268854.3438
271013.8125
251794.5156
276304.5313
260270.4375
274522.9688
259568.6094
265885.0625
253792.0313
274414.9688
253036.2188
263293.7188
263401.6875
256221.4375
282836.9375
265291.2188
259082.7344
276952.375
250498.8281
275710.6875
258003
267990.5625
248501.3125
273767.1563
262861.8125
264049.5313
259298.6719
276358.5
262537.875
278679.9375
253090.1875
277546.2188
265345.1875
284888.4375
263239.7188
277438.25
269556.1563
270419.9688
270851.875
274792.9063
256329.3906
281271.3125
264373.4375
277006.3438
272363.5
284456.5625
265183.25
294822
267612.6563
286616.0313
271067.8125
292176.6563
266101
296495.5938
278410.0313
290449.0625
275332.75
292500.5625
276898.4063
297089.4375
272471.4688
287749.7188
284240.5938
292230.625
288775.5
296225.6563
277708.1875
294066.1875
273281.2813
300274.6875
288505.5625
296819.5
281433.2813
305349.4063
284240.5938
295901.7188
288613.5
302380.1563
284294.5625
307346.9375
298331.125
304539.625
282459.0313
326350.3125
288181.625
309344.4688
296225.6563
298115.2188
296927.5
317172.5313
306645.125
314257.25
313879.375
319386
313231.5
325540.5
300490.5938
326620.25
320465.7188
327753.9375
323435
319224.0313
309776.3438
324838.6875
311287.9688
332342.8438
318738.1875
333638.5313
322841.1563
333584.5625
315175.0313
334610.2813
314905.0938
342438.375
319062.0938
347405.1563
333098.6563
360577.9688
327861.9375
355719.1563
331317.0938
345839.5313
317604.4375
355611.1563
334016.4375
364788.9375
339631.0625
362251.5313
350266.4688
349564.625
355611.1563
355665.125
347297.1875
357068.8125
356798.875
354207.5
347189.2188
376234.125
360469.9688
381794.7813
349564.625
367812.1875
371969.1563
379959.2188
360200.0313
380823.0313
368729.9688
387355.4063
375370.3125
386437.625
374452.5313
390432.6563
377853.75
397289
376450.0625
399448.4688
383360.375
393132
374506.5625
400798.125
384764.0625
405548.9688
396857.0625
405009.0938
387733.3125
419855.4688
411757.4688
415212.5938
400096.2813
415320.5625
412081.375
426657.8125
407384.5
416184.375
419693.5313
422392.875
421313.125
438534.9063
416292.3438
435511.6563
419585.5313
440208.5
441450.2188
447550.7188
427413.625
440694.375
430868.7813
463206.875
438103
449386.2813
430166.9375
456350.5625
455270.8125
460129.625
451869.6563
455648.7188
453813.1563
463908.7188
457484.2813
460993.4375
460507.5313
464394.5938
464664.5313
482858.0938
469037.4688
483182
464610.5313
481292.4688
468281.6563
492413.75
463260.8438
496354.8125
479564.875
498460.2813
486529.1875
502725.25
486799.125
501051.625
476163.7188
511471.125
499486.0313
516221.9375
489012.5625
517949.5313
500511.75
519947.0313
507961.9688
513738.5313
505856.4688
525831.5625
507799.9688
536736.9375
515466.125
525777.625
520055
544025.125
523240.2188
540138.125
516869.7813
550071.6875
530042.5625
556874
551853.25
552285.125
539058.375
541433.8125
541919.6875
554984.5
553418.8125
565943.8125
554876.5
560221.1875
560275.1875
581276
551529.3125
577551
565943.8125
589536.0625
570100.75
601305.1875
579062.5625
586350.8125
571450.4375
587700.5
578414.75
597364.125
599847.5
596176.4375
590993.625
607027.75
601467.125
610051
600927.25
608323.5
614639.875
625869.1875
599847.5
624141.5625
609781.0625
614316
624438.5
634561.0625
618203
632617.5625
619174.8125
626571
610320.9375
635640.8125
635100.9375
650271.1875
631159.875
652268.6875
632941.4375
661338.5
644116.6875
666305.25
633697.25
668950.625
671164.0625
676076.9375
662688.1875
657667.375
648543.625
682609.3125
677048.625
678128.375
657289.5
668032.875
665117.5625
703826.125
684012.9375
686172.4375
660150.8125
678938.1875
691679.0625
705229.8125
684876.75
686550.3125
686334.4375
706525.4375
696106
709332.8125
699291.25
708091.0625
685686.5625
707713.1875
724773
733518.875
709008.875
718942.4375
706363.5
731845.25
721479.8125
722775.5
715487.3125
735894.3125
720076.1875
747825.375
726824.5625
742318.75
726608.5625
743290.5
727526.3125
760242.3125
744370.25
761646.0625
728984
747609.4375
749606.9375
774926.75
756571.25
762401.8125
743560.4375
765425.125
760782.1875
782646.875
769420.0625
773577.125
763805.5
788747.375
761861.9375
802028.125
771417.625
782269
768556.3125
786749.875
792904.375
812717.5625
794901.875
796845.4375
790151.0625
800300.5625
806940.9375
821949.25
792256.5
811205.875
804241.5625
823946.75
823568.875
821247.4375
789557.1875
805483.3125
799436.8125
837443.5
831450.9375
842140.375
810288.125
839602.9375
829075.5
842086.375
831127.0625
847700.9375
829777.375
848996.6875
824162.75
861089.75
849644.5625
871293.25
836741.6875
845487.5
846081.375
861953.5
853963.5
857310.625
833826.375
863249.1875
863573.125
870267.5
860981.75
866758.3125
852829.6875
878095.5625
873074.75
885275.8125
865192.6875
882900.4375
872103.0625
896343.125
876853.875
880417
872642.9375
898232.6875
879067.375
902983.5
886409.5625
894669.5
899312.4375
906384.6875
891430.3125
902065.75
881874.625
907680.375
899366.375
919341.5
901957.6875
910433.6875
904495.125
929383.0625
918369.75
929221.0625
914374.6875
918261.75
908868.0625
948278.4375
923174.5625
947738.5625
923066.625
933054.1875
933324.125
948008.5
938344.8125
940396.375
912809.125
936401.3125
951409.6875
967659.6875
936725.25
956700.375
935105.625
963232.75
946820.8125
958805.875
951193.75
943041.75
939694.5
962908.875
963124.8125
964798.375
956916.3125
968631.4375
939532.5625
960047.5625
954756.875
974300.0625
967497.75
978025.125
962530.9375
990820.0625
984395.625
988444.625
970251.0625
983909.75
974732
993951.25
990226.1875
1001563.375
981372.375
1005990.375
980130.625
1000969.563
988876.5
998162.25
984233.625
999727.875
1004046.813
1027909
1020026.938
1023428.063
982398.0625
1014628.25
998216.25
1023536.063
994005.25
1000861.625
999403.9375
1011550.938
1011335.063
1039678.125
1032335.875
1024993.688
1006962.063
1008689.688
1010039.375
1062460.5
1037086.75
1048316
1018623.25
1024507.813
1023698
1048316
1039570.125
1051231.25
1007879.875
1009499.5
1017435.5
1038922.313
1018569.25
1050529.5
1024453.813
1024939.688
1024399.813
1056953.875
1046588.438
1067049.375
1033091.688
1025425.625
1023644
1067049.375
1050907.375
1057655.75
1024129.938
1050475.5
1034225.438
1056576
1032875.75
1046588.438
1044428.938
1065537.75
1053336.75
1067643.25
1020512.813
1058843.5
1051015.375
1069262.875
1045238.75
1052473
1062298.5
1093826.875
1080222.25
1083353.375
1056738
1037356.688
1045940.625
1068615
1015654
1040110
1026343.375
1011982.875
1045346.75
1086376.75
1097282
1093179
1036169
1004154.813
934997.6875
1048801.875
1082111.75
1098631.75
1059113.375
1064296.125
1089238
1119308.75
1102410.75
1096526.25
1044698.875
1008527.688
990388.125
1118606.875
1112290.375
1104408.25
1064566
1040703.813
1056630
1111264.625
1099873.375
1096256.25
1036384.875
996974.5
1049125.875
1124329.5
1103652.5
1084595.125
1067967.125
1066023.625
1067589.25
1100953.125
1060409
977701.25
1003776.875
1037950.5
1067859.25
1136692.375
1109483.125
1102842.75
1061326.875
1071476.375
1074769.625
1095608.5
1060894.875
1017867.438
1044752.875
1028286.875
1047506.25
1091397.5
1123465.625
1090101.75
974732
971708.75
1042809.313
1069208.875
1046318.5
1086214.75
962908.875
849968.4375
993735.3125
1058951.375
1068777
1083731.375
1086430.75
1088428.25
1097983.875
1115907.5
1100683.25
1117689.125
1099765.375
1109429.125
1089723.875
1086106.75
1070396.625
1062568.5
1079358.5
1099981.375
1024615.813
895263.375
921339
1069424.875
1083137.5
1093449
1066563.5
1044590.938
1000861.625
1037680.563
1053174.875
1102248.75
1095392.5
1096418.25
1071854.25
1097120
1077900.75
1119848.5
1085998.75
1079844.25
1047236.313
1052203
1056845.875
1107755.375
1091991.25
1082435.625
1054578.5
1029906.5
1014412.25
1089022
978187.125
1040703.813
1042161.5
1062676.5
1085081
1083353.375
999242
904657.0625
994815.0625
1066887.5
1070180.75
1119686.625
1106351.875
1082759.625
1039786.063
1061380.75
1076605.125
1106513.875
1056036.125
965716.1875
972086.625
1021700.5
1059707.25
1096958.125
1092153.25
1076173.25
1012036.875
993789.3125
894507.5625
979104.875
1052041.125
1043133.25
1016571.75
1024075.938
1030608.313
1054740.375
1067049.375
1057547.75
1003291
986933
978349.0625
1031472.125
1035413.188
1056036.125
1032389.938
1023860
1005990.375
1033091.688
1041999.5
1044968.813
1011119.125
1002373.188
1002049.313
1050421.5
1028340.875
1034117.438
999835.8125
1023374.063
1009661.438
1024831.75
995516.875
1015761.938
1001185.5
999080
975865.6875
979104.875
998864.0625
1007232
995570.875
1011497
1005504.438
1024993.688
992385.625
965014.3125
959021.8125
978187.125
981804.25
1009391.5
982506.0625
989740.3125
974300.0625
974516
953137.25
920745.125
938128.875
961883.0625
940774.25
973274.375
946928.75
976027.6875
948548.375
982668
961451.25
965284.25
936671.25
947846.5
941584.0625
934511.8125
914752.625
900932
885815.6875
928627.1875
929814.9375
951625.5625
936455.3125
961073.25
924416.3125
941530.0625
919017.625
937103.1875
930462.75
920151.3125
890944.4375
919233.5
882630.5
868323.9375
765479.0625
757758.9375
782862.8125
878419.5
854449.3125
840142.8125
870375.4375
920745.125
896559.0625
905250.9375
882252.5
882738.4375
866056.5
892078.1875
884304.0625
885113.875
862547.3125
806023.1875
780649.375
736110.25
732061.25
822003.25
792256.5
842464.25
840574.75
886031.625
865570.625
880848.875
857526.625
848726.75
779731.625
818278.125
865354.6875
884951.875
863411.1875
852073.9375
827294
851804
861359.625
849266.625
810882
790529
757974.875
832530.6875
825944.3125
848510.75
833880.375
834096.3125
802244.0625
815794.75
832962.625
844569.75
833286.5
821409.4375
813041.4375
829723.375
809478.3125
826646.125
822381.1875
835931.875
817900.25
821571.375
802352.0625
821247.4375
808074.6875
823083
777086.25
723639.3125
733087
774440.875
756517.3125
753278.0625
738701.625
780811.375
784104.5625
805645.3125
789989.125
782430.9375
755329.5625
777032.25
774710.8125
776114.4375
781729.125
785184.25
762131.875
757003.125
735138.4375
763049.6875
756085.375
768718.3125
754249.8125
764183.375
736920.0625
745234
743290.5
768610.25
756571.25
755707.5
741185
746313.75
735786.3125
758676.75
751118.625
737028
716675
721695.8125
707497.25
703826.125
720076.1875
712841.9375
626409.0625
651890.8125
690275.4375
713921.6875
712949.875
729415.875
711870.125
706525.4375
695188.1875
712086.125
700155.0625
712949.875
688763.8125
710682.4375
672297.875
681421.5625
654752.125
682933.25
674835.1875
698427.4375
668248.8125
663120.0625
642443.125
615287.75
611940.5625
665225.5
656803.625
657991.375
595096.6875
616637.375
644278.6875
665657.4375
644764.5625
651350.9375
623493.75
628190.5625
569992.8125
591533.5
598605.875
615665.6875
614585.9375
612534.375
610159
636558.5625
611130.75
641255.4375
619444.75
627380.75
588024.375
622521.9375
594016.9375
617825.125
605138.25
612642.4375
587754.4375
618257
593369.0625
619066.8125
599901.5
606865.8125
601521.0625
601089.25
582895.625
591263.5625
575931.375
586458.8125
529826.625
589212.125
589428.0625
576525.25
551367.375
558007.75
568913.125
577604.9375
551637.3125
558817.5
524319.9375
489930.3438
518813.3125
562542.625
554606.5625
558493.625
540785.9375
544187.125
510013.4688
536035.125
531608.1875
544079.125
533227.8125
532957.875
512658.7813
539544.25
545860.6875
559735.3125
519785.0625
534739.4375
513360.6563
517139.7188
504182.9063
515142.2188
515088.1875
517301.6875
512496.8438
512766.7813
501483.5625
507961.9688
506072.4375
521674.5938
497110.5938
502401.3125
483074.0313
488904.5938
465744.2813
489552.4375
474706.0625
482588.1563
480860.5938
433568.125
418235.875
478323.1875
458510.0313
479672.875
474004.25
477513.4063
454515.0313
470927
453057.375
478809.0938
459859.6875
471898.75
459427.8125
455000.875
441882.0938
467201.9375
448414.4688
449548.2188
441180.2813
450843.9063
428763.3125
431624.5938
421691
434755.8125
427143.6875
448036.5938
436807.3125
445445.2188
427683.5625
434161.9688
419477.5625
440532.4375
432434.4063
432434.4063
420935.2188
439776.5938
423256.625
418559.7813
406088.8438
423958.4688
384278.1563
407762.4063
385735.8125
394913.5625
384008.2188
414132.8438
388273.1875
395561.4063
398179.75
400798.125
399826.3438
404199.3125
382928.4688
402579.6875
386059.7188
402633.6563
387247.4375
388327.1563
373210.8438
402633.6563
364788.9375
409921.875
372725
392376.1875
372185.125
367920.1563
364519
383792.2813
367704.1875
378015.6875
347891.0625
352641.9063
356259
370727.4688
347783.0625
376504.0625
346001.5313
360362
345407.6563
346001.5313
336067.9375
352533.9063
336013.9688
